0 0 4 0 0 0 4 0 0 0 0 0 0 0
11 26 52 2 9 21 64 17 0 7 1 4 2 2
130 1416 5820 34 58 632 8664 1126 284 28 0 24 0 66
1 2 9 0 1 2 14 1 0 0 0 0 0 0
0 0 3 0 0 0 9 0 0 0 0 0 0 0
0 0 6 0 0 0 4 0 0 0 0 0 0 0
0 1 19 0 1 1 20 0 0 0 0 0 0 0
0 1 5 0 1 1 3 0 0 0 0 0 0 0
1 3 11 0 1 1 7 2 0 0 0 0 0 0
0 0 1 0 0 0 0 0 0 0 0 0 0 0
0 2 3 0 1 1 3 1 0 0 0 0 0 0
0 1 9 1 1 1 5 0 0 1 0 0 0 0
1 6 13 0 4 0 10 2 0 3 1 2 1 1
0 5 29 1 3 5 31 2 0 4 1 5 1 0
0 10 21 0 5 10 20 5 0 7 1 2 1 0
6 9 50 0 5 15 62 4 0 8 1 4 1 4
0 0 6 0 0 0 2 0 0 0 0 0 0 0
0 2 30 0 0 2 37 2 0 0 0 0 0 1
0 8 17 0 3 3 14 4 1 9 1 2 1 1
2 2 12 0 1 1 5 1 0 10 1 2 1 0
0 0 2 0 0 0 0 0 0 0 0 0 0 0
0 0 2 0 0 0 1 0 0 0 0 0 0 0
2 2 6 0 1 2 6 1 0 5 1 0 0 0
0 7 52 1 3 6 138 4 0 6 1 3 2 0
2 5 84 0 4 6 148 1 0 23 1 5 2 2
3 8 31 1 2 7 49 6 0 6 1 6 3 7
0 0 3 0 0 0 0 0 0 0 0 0 0 0
0 1 6 0 1 1 92 0 0 0 0 0 0 0
1 4 51 0 2 1 71 2 0 3 0 0 0 0
1 2 12 0 1 1 14 1 0 6 1 0 0 0
0 8 29 2 3 7 31 5 0 5 1 10 3 0
0 0 5 0 0 0 8 0 0 0 0 0 0 0
2 4 30 1 2 3 20 1 1 0 0 0 0 1
6 4 38 17 3 4 37 1 0 9 1 4 2 1
0 0 10 0 0 0 15 0 0 0 0 0 0 0
2 6 26 0 4 5 30 2 0 5 1 5 2 5
4 0 25 0 0 0 15 0 0 0 0 1 1 2
0 3 10 0 1 2 10 2 0 0 0 0 0 0
0 0 4 0 0 0 1 0 0 0 0 0 0 0
1 18 30 0 4 8 50 11 3 16 1 3 2 2
0 5 15 5 1 4 37 3 1 12 1 2 1 1
0 0 2 0 0 0 1 0 0 0 0 0 0 0
0 10 37 2 2 4 38 8 0 10 4 2 1 0
6 2 36 0 1 2 39 1 0 5 0 0 0 2
0 0 5 0 0 0 3 0 0 0 0 0 0 0
0 1 14 0 1 1 8 0 0 0 0 0 0 0
1 3 17 0 1 3 47 2 0 0 0 0 0 1
0 5 11 0 1 3 31 4 0 4 0 0 0 0
3 2 8 0 1 2 8 1 0 6 1 0 0 0
2 37 77 8 4 15 210 28 5 34 3 5 4 2
4 12 190 35 2 7 619 10 0 8 1 2 1 2
0 6 23 1 2 4 81 3 1 7 1 3 1 0
0 1 4 0 1 1 1 0 0 0 0 0 0 0
0 7 32 0 2 3 68 5 0 2 1 0 0 0
0 4 37 0 3 4 38 1 0 10 1 1 1 0
0 7 24 0 2 3 45 4 1 6 1 7 3 1
7 22 153 0 8 17 239 10 4 19 1 6 1 8
3 4 25 0 3 4 27 1 0 10 1 9 1 2
0 5 19 0 3 4 24 2 0 9 1 2 1 1
1 3 9 0 1 1 8 2 0 0 0 0 0 0
3 5 29 0 3 6 14 2 0 7 1 4 1 0
0 3 13 0 2 3 19 1 0 7 1 0 0 0
1 5 18 0 3 4 14 2 0 4 1 2 1 1
1 0 2 0 0 0 3 0 0 0 0 0 0 0
0 0 4 0 0 0 3 0 0 0 0 0 0 0
0 15 280 12 5 16 150 9 1 9 1 5 2 0
3 4 51 3 2 5 35 2 0 18 1 3 2 1
4 7 52 0 5 6 74 1 1 26 1 5 1 0
0 2 4 0 1 0 4 1 0 0 0 0 0 0
0 1 5 0 1 1 0 0 0 0 0 0 0 0
0 4 19 1 2 0 18 2 0 3 1 2 1 0
0 0 1 0 0 0 0 0 0 0 0 0 0 0
1 2 14 0 1 2 8 1 0 0 0 0 0 0
1 5 23 0 3 6 30 2 0 4 1 2 1 1
2 12 106 0 4 8 165 7 1 27 1 2 1 0
0 2 11 6 1 2 12 1 0 0 0 0 0 0
0 0 9 0 0 0 3 0 0 0 0 0 0 0
88 96 330 4 20 48 628 60 20 12 0 0 0 12
0 2 9 0 1 2 11 1 0 0 0 0 0 0
3 5 33 0 3 5 11 1 1 4 1 3 2 1
0 1 16 0 1 1 19 0 0 3 0 0 0 0
1 8 14 0 3 6 21 5 0 6 1 4 1 0
1 6 43 0 1 4 46 5 0 0 0 0 0 0
2 5 55 0 4 6 33 1 0 8 1 2 1 13
0 2 24 2 1 1 16 1 0 2 1 6 2 0
8 13 64 0 3 7 75 7 3 17 2 18 3 2
1 36 93 2 5 19 189 28 3 13 1 3 1 0
0 2 9 0 1 2 4 1 0 0 0 0 0 0
1 7 19 0 2 6 16 4 1 7 2 3 2 1
0 9 33 0 4 10 20 5 0 2 1 2 1 0
0 1 46 0 1 1 35 0 0 0 0 0 0 0
0 0 4 0 0 0 1 0 0 0 0 0 0 0
16 25 541 9 5 14 5250 17 3 9 1 8 2 6
4 7 21 0 3 4 17 4 0 8 1 3 2 0
6 1610 4580 7 5 1389 6186 1540 65 7 1 3 1 4
1 1 17 0 1 1 11 0 0 0 0 0 0 0
0 1 7 1 0 1 12 1 0 0 0 0 0 0
3 9 26 0 2 3 30 4 3 0 0 0 0 1
9 5 34 0 3 5 33 2 0 4 1 3 1 1
2 10 53 4 5 7 30 4 1 3 1 5 1 1
0 1 6 1 1 1 2 0 0 0 0 0 0 0
1 3 82 3 2 3 70 1 0 2 0 0 0 0
0 5 29 5 3 5 34 2 0 9 1 5 1 1
0 5 16 0 3 5 21 2 0 8 1 3 1 0
1 4 17 0 3 4 15 1 0 2 1 2 2 0
1 3 7 0 2 3 9 1 0 0 0 0 0 0
2 6 45 1 1 6 55 5 0 5 1 6 4 0
2 8 31 6 3 4 54 4 1 3 1 0 0 0
2 4 26 0 3 4 22 1 0 3 1 2 1 1
12 4 40 0 3 4 66 1 0 9 1 2 1 6
0 0 5 0 0 0 4 0 0 0 0 0 0 0
2 7 26 0 3 6 30 4 0 4 1 4 2 2
19 9 61 41 3 8 126 3 3 4 1 3 2 0
2 6 21 0 3 5 19 2 1 4 1 0 0 2
1 0 3 0 0 0 3 0 0 2 0 0 0 0
1 97 542 27 5 55 2226 76 16 11 1 4 1 0
1 10 62 0 2 9 112 8 0 4 2 0 0 3
1 4 28 0 3 4 30 1 0 3 1 2 1 0
1 4 26 0 1 2 96 3 0 3 0 3 1 1
3 16 41 0 3 5 61 11 2 12 1 5 2 1
1 3 20 2 2 2 16 1 0 15 1 0 0 0
3 4 26 0 3 4 16 1 0 4 1 6 3 1
2 10 70 5 5 8 60 3 2 9 0 3 1 0
11 13 39 0 1 6 126 12 0 32 1 2 1 1
0 6 14 2 4 4 11 1 1 3 1 2 1 0
7 19 95 11 5 11 103 13 1 12 1 3 1 8
0 2 7 0 1 2 6 1 0 12 1 0 0 0
5 5 40 1 3 4 94 2 0 15 1 7 2 1
1 5 17 2 3 5 11 2 0 11 1 3 1 0
0 0 5 0 0 0 3 0 0 0 0 0 0 0
1 5 43 2 3 4 24 2 0 5 1 5 2 0
0 10 67 0 2 0 78 7 1 8 1 2 1 1
0 5 24 0 3 5 21 2 0 3 1 8 1 2
4 8 81 0 3 4 224 5 0 9 1 3 1 1
1 0 5 0 0 0 4 0 0 0 0 2 1 0
6 7 48 0 4 4 68 2 1 10 1 7 3 1
4 26 86 8 8 18 74 18 0 8 1 4 1 1
1 6 31 1 2 8 18 4 0 9 1 3 1 0
0 8 32 0 3 5 40 3 2 17 2 5 1 2
1 23 62 5 2 13 140 10 11 15 1 6 1 0
4 9 34 0 2 9 49 7 0 10 1 0 0 0
0 4 32 0 3 4 22 1 0 8 1 2 1 0
1 34 112 3 4 12 200 23 7 12 2 3 2 1
0 5 14 0 3 4 14 2 0 18 1 2 1 0
1 4 21 0 2 3 18 1 1 5 1 0 0 0
1 9 37 1 3 8 82 6 0 6 1 3 1 0
1 24 94 2 4 18 137 20 0 7 1 2 1 1
0 1 7 0 1 1 0 0 0 0 0 0 0 1
0 1 9 0 1 1 2 0 0 0 0 0 0 0
1 5 28 0 1 5 70 4 0 9 1 2 1 1
0 1 8 0 1 1 4 0 0 0 0 0 0 0
5 6 25 2 4 5 17 2 0 3 1 3 2 1
0 0 4 0 0 0 6 0 0 0 0 0 0 0
3 19 59 4 6 12 61 12 1 3 1 5 1 2
0 4 14 0 3 4 14 1 0 3 1 2 1 0
0 2 7 0 1 2 9 0 1 1 0 1 1 0
4 0 13 0 0 0 10 0 0 1 0 0 0 0
0 5 30 0 3 5 46 2 0 4 1 2 1 0
0 5 15 0 3 5 8 2 0 6 1 3 1 0
2 3 21 0 1 3 19 2 0 9 0 0 0 0
0 2 8 0 1 2 7 1 0 0 0 0 0 0
1 2 13 0 1 2 21 1 0 0 0 0 0 0
0 0 2 0 0 0 1 0 0 0 0 0 0 0
0 8 56 1 3 7 75 5 0 3 1 3 2 1
0 4 16 0 3 4 14 1 0 6 1 1 1 0
2 13 82 2 5 8 50 7 1 5 1 2 1 0
0 3 16 0 2 3 20 1 0 0 0 0 0 0
0 2 6 0 1 2 2 1 0 0 0 0 0 0
0 7 27 1 3 6 33 4 0 10 1 0 0 1
1 8 26 0 4 6 29 4 0 4 1 1 1 0
0 6 25 1 4 9 25 2 0 3 1 2 1 1
0 2 7 0 1 2 4 1 0 0 0 0 0 0
2 2 9 0 1 1 7 1 0 0 0 0 0 0
0 1 4 0 1 1 1 0 0 0 0 0 0 0
0 3 13 0 1 1 11 2 0 0 0 0 0 0
0 4 10 0 2 2 6 2 0 7 1 2 1 0
0 2 7 0 1 2 4 1 0 0 0 0 0 0
1 2 18 0 1 2 11 1 0 6 1 0 0 0
0 2 25 4 1 2 34 1 0 3 0 0 0 3
0 7 41 0 3 7 43 4 0 5 1 2 1 0
0 17 48 1 4 10 91 12 1 9 1 0 0 0
0 6 17 0 2 6 23 4 0 5 1 1 1 0
4 3 15 0 1 2 20 1 1 5 1 0 0 1
0 4 28 0 3 6 19 1 0 6 1 3 1 0
1 2 19 0 1 2 15 1 0 9 1 0 0 0
1 4 37 12 2 3 30 2 0 3 1 0 0 0
2 9 52 16 4 6 47 5 0 8 1 2 1 0
17 34 363 13 12 16 383 19 3 6 1 12 3 4
4 9 19 0 4 6 21 5 0 2 1 2 1 0
0 1 4 0 0 1 4 1 0 0 0 0 0 0
0 1 7 0 1 1 9 0 0 4 0 0 0 1
4 7 28 1 4 6 31 2 1 19 1 4 2 2
1 3 12 3 1 3 62 2 0 0 0 0 0 0
0 0 5 0 0 0 8 0 0 0 0 0 0 0
0 8 28 3 4 6 40 4 0 14 1 4 1 0
0 5 11 0 3 4 11 2 0 2 1 1 1 0
0 3 27 0 2 3 137 1 0 8 1 1 1 0
0 1 8 0 1 1 7 0 0 0 0 0 0 0
0 2 8 0 1 2 9 1 0 6 1 0 0 0
1 7 23 1 4 6 23 3 0 3 1 2 1 0
0 5 12 0 3 5 8 2 0 6 1 2 1 0
0 0 4 0 0 0 5 0 0 0 0 0 0 0
3 6 23 0 3 4 22 3 0 9 1 2 1 0
2 7 18 0 4 5 16 1 2 3 1 2 1 0
1 3 19 0 1 1 51 2 0 3 1 0 0 0
1 10 41 0 2 9 111 8 0 8 1 3 1 0
0 1 75 0 1 1 65 0 0 6 0 10 1 1
0 2 8 0 1 2 7 1 0 0 0 1 1 0
0 4 9 1 1 2 18 2 1 0 0 0 0 0
0 5 12 3 1 0 34 3 1 5 1 3 1 0
0 0 6 0 0 0 1 0 0 0 0 0 0 0
2 2 31 2 1 2 39 1 0 22 0 0 0 1
3 7 71 1 3 10 109 4 0 14 1 5 1 0
0 8 25 0 2 5 26 4 2 7 1 0 0 0
8 5 47 0 3 5 64 2 0 6 1 5 1 0
15 19 105 0 8 9 49 10 1 11 1 2 2 2
0 2 5 0 1 2 3 1 0 0 0 0 0 0
0 2 10 3 1 2 10 1 0 3 1 0 0 1
0 11 31 0 2 8 85 9 0 2 0 0 0 0
0 0 3 0 0 0 4 0 0 0 0 0 0 0
0 2 12 0 1 2 10 1 0 0 0 0 0 0
0 2 27 11 1 2 13 1 0 4 1 0 0 0
0 7 14 0 1 4 28 6 0 3 1 0 0 0
5 9 112 0 3 8 132 6 0 35 1 11 2 2
0 6 58 0 1 5 38 5 0 0 0 0 0 0
0 6 17 0 3 6 18 3 0 2 1 2 1 0
0 2 12 0 1 2 11 1 0 0 0 0 0 0
0 6 24 0 3 6 21 3 0 17 1 8 1 2
0 4 14 0 3 4 9 1 0 3 1 0 0 0
0 2 6 0 1 2 6 1 0 0 0 0 0 0
0 1 6 0 1 1 0 0 0 0 0 0 0 0
12 6 22 0 1 2 20 5 0 0 0 0 0 0
0 1 5 0 1 0 6 0 0 0 0 0 0 0
1 8 26 1 3 7 33 5 0 5 1 4 2 0
14 135 533 40 2 2 4118 117 16 19 2 4 2 0
5 5 75 8 3 3 75 1 1 3 1 3 1 0
0 5 19 0 2 4 19 3 0 0 0 0 0 0
10 77 174 5 9 50 273 60 8 17 3 3 1 2
1 2 9 0 2 2 3 0 0 0 0 0 0 0
1 6 23 4 3 6 16 3 0 7 1 2 1 1
7 7 51 6 4 7 54 3 0 21 1 0 0 4
2 9 25 0 7 9 25 2 0 6 1 6 1 0
0 4 11 1 1 2 17 3 0 2 0 0 0 0
0 1 16 0 1 1 3 0 0 0 0 0 0 0
0 0 3 0 0 0 0 0 0 0 0 0 0 0
0 5 15 0 1 4 21 4 0 1 0 0 0 0
0 2 18 6 1 2 6 1 0 2 1 0 0 0
7 17 45 12 2 15 58 14 1 3 1 2 1 3
0 2 8 0 1 2 8 1 0 0 0 0 0 0
0 5 26 2 3 3 20 2 0 5 1 2 1 0
0 9 32 0 4 6 36 5 0 8 1 2 1 0
0 6 47 0 4 8 38 2 0 8 1 2 1 1
0 2 7 0 1 2 3 1 0 0 0 2 1 0
0 2 9 0 1 2 6 1 0 0 0 0 0 0
0 2 19 0 1 2 7 1 0 0 0 0 0 1
0 6 18 0 2 6 27 4 0 8 1 5 2 0
0 3 10 0 2 2 12 1 0 13 1 0 0 1
4 287 1696 47 2 1 2330 267 18 17 1 3 1 0
0 10 33 3 3 6 33 5 2 10 1 3 2 0
9 21 95 0 3 11 92 13 5 3 1 14 3 0
2 5 38 0 4 5 46 1 0 9 1 3 1 0
14 4 29 0 2 4 19 2 0 18 1 6 2 4
0 2 8 0 1 2 5 1 0 0 0 0 0 0
0 4 11 0 1 3 9 3 0 0 0 0 0 0
0 0 3 0 0 0 3 0 0 0 0 0 0 0
0 2 4 0 1 2 3 1 0 0 0 0 0 0
0 3 15 0 1 2 21 2 0 5 1 0 0 0
5 5 77 0 2 7 38 3 0 8 1 2 2 0
0 2 3 0 1 1 6 0 1 0 0 0 0 0
0 8 91 0 3 7 156 5 0 17 1 1 1 0
0 5 18 0 4 5 2 1 0 3 1 0 0 0
0 1 11 0 1 1 11 0 0 0 0 0 0 0
0 5 21 0 2 5 11 3 0 6 1 0 0 0
0 2 8 0 1 2 8 1 0 0 0 0 0 0
0 4 18 0 3 4 6 1 0 3 1 0 0 0
1 6 36 0 5 6 5 1 0 8 1 2 1 0
0 7 25 0 2 5 38 4 1 4 1 1 1 0
4 7 98 5 3 3 85 3 1 17 1 4 2 1
0 0 5 0 0 0 0 0 0 0 0 0 0 0
0 7 58 0 3 7 43 4 0 7 1 3 1 1
1 2 12 0 1 2 9 1 0 3 1 0 0 1
6 2 23 0 1 2 21 1 0 0 0 0 0 0
5 4 21 0 2 3 33 2 0 9 1 2 1 0
0 1 8 0 1 2 8 0 0 0 0 0 0 0
1 15 42 0 3 8 62 10 2 4 1 2 1 0
4 8 31 0 4 6 45 4 0 8 1 6 1 1
0 2 7 0 1 2 8 1 0 0 0 0 0 0
0 2 5 0 1 2 4 1 0 5 1 0 0 0
0 6 13 0 3 6 27 3 0 6 1 6 2 1
0 2 15 2 1 2 18 1 0 0 0 0 0 0
0 2 5 0 1 2 4 1 0 0 0 0 0 0
0 4 16 2 3 4 12 1 0 12 1 1 1 0
3 9 39 0 5 0 77 4 0 6 1 4 2 1
1 7 27 0 3 5 64 2 2 18 1 7 1 0
1 4 18 0 3 4 9 1 0 5 1 2 1 1
0 4 26 0 3 1 27 1 0 5 1 3 2 0
2 26 57 0 11 16 86 15 0 11 2 3 1 1
0 2 29 0 1 2 38 1 0 26 1 1 1 0
0 5 13 0 2 4 19 3 0 5 1 0 0 0
1 4 26 0 3 4 18 1 0 6 1 5 1 0
0 2 8 0 1 1 4 1 0 0 0 0 0 0
0 4 21 0 2 4 9 2 0 3 1 2 1 0
3 8 81 3 3 2 77 5 0 4 1 0 0 0
1 14 78 0 5 8 132 8 1 37 1 4 1 1
0 5 18 0 2 4 17 3 0 3 1 0 0 0
0 5 16 0 4 4 8 1 0 5 1 0 0 0
1 4 13 0 1 2 22 2 1 0 0 0 0 0
4 12 28 5 4 5 62 8 0 4 1 7 2 2
0 7 21 0 3 7 21 4 0 4 1 6 2 0
0 4 14 0 3 4 2 1 0 8 1 0 0 0
4 11 61 0 8 11 8 3 0 15 2 0 0 0
0 2 6 0 1 2 17 1 0 0 0 0 0 0
1 6 18 0 3 5 15 3 0 9 2 1 1 0
3 6 27 1 2 5 34 4 0 8 1 3 1 3
0 6 19 0 2 6 28 4 0 7 1 2 1 0
0 4 26 0 3 4 9 1 0 2 1 1 1 0
0 5 9 0 1 4 15 3 1 0 0 0 0 0
1 2 6 0 1 1 2 1 0 0 0 0 0 0
4 8 34 3 4 10 33 3 1 6 1 2 1 0
0 2 15 2 1 3 13 1 0 0 0 0 0 0
0 4 27 0 2 4 30 2 0 3 1 2 1 0
0 6 5 0 1 1 8 5 0 0 0 0 0 0
3 5 18 0 1 4 15 4 0 3 1 1 1 3
0 2 5 2 1 2 4 1 0 1 0 0 0 1
7 0 21 0 0 0 23 0 0 0 0 0 0 0
8 3 23 0 1 3 19 2 0 13 2 0 0 5
0 2 13 0 1 1 19 1 0 0 0 0 0 0
1 2 7 0 1 2 11 1 0 11 1 0 0 0
3 0 6 0 0 0 2 0 0 5 0 0 0 0
0 9 15 1 2 7 25 7 0 11 1 0 0 0
0 4 23 3 1 26 8 3 0 0 0 0 0 0
0 5 27 0 3 5 11 2 0 6 1 9 3 0
0 8 36 3 3 7 41 4 1 12 1 0 0 0
0 6 26 1 4 6 6 2 0 9 1 0 0 0
0 2 14 2 1 1 38 0 1 0 0 0 0 0
0 2 8 0 1 2 13 1 0 9 1 2 1 0
2 9 18 0 1 5 27 8 0 7 1 0 0 0
2 6 54 0 4 5 43 2 0 6 1 3 1 0
8 2 5 0 1 2 3 1 0 3 1 0 0 0
1 5 12 0 2 4 13 2 1 2 1 3 1 0
3 4 16 0 2 5 16 2 0 12 1 0 0 0
1 2 57 0 1 2 84 1 0 28 1 3 1 0
2 10 22 0 2 7 30 6 2 5 1 0 0 1
3 4 36 1 3 4 30 1 0 8 1 12 4 1
8 3 10 0 1 2 13 2 0 0 0 0 0 0
11 16 101 0 4 8 141 9 3 25 2 9 1 3
0 4 13 0 3 4 16 1 0 24 1 0 0 2
0 5 16 0 2 6 18 3 0 2 1 1 1 0
1 7 33 0 3 7 28 4 0 12 1 3 2 0
1 1 12 0 1 1 8 0 0 0 0 0 0 0
5 9 81 0 2 5 52 6 1 14 1 17 2 0
9 14 73 4 4 17 118 9 1 13 1 7 2 1
1 0 6 0 0 0 5 0 0 0 0 0 0 0
8 16 33 0 3 6 54 13 0 11 1 2 1 0
0 6 30 12 3 6 28 3 0 13 1 6 2 0
11 9 53 1 5 6 60 4 0 17 1 14 6 1
0 1 11 0 1 1 4 0 0 0 0 0 0 0
2 1 14 0 1 4 6 0 0 5 0 0 0 1
0 2 4 0 1 0 5 1 0 0 0 0 0 0
3 1 13 0 1 1 13 0 0 9 1 0 0 1
0 2 7 0 1 1 10 1 0 0 0 0 0 0
0 5 8 0 3 4 13 1 1 6 1 4 1 0
0 7 18 0 1 2 22 6 0 0 0 0 0 0
1 4 25 0 3 0 16 1 0 6 1 4 1 1
2 2 15 0 1 2 28 1 0 0 0 0 0 0
4 19 226 5 6 0 195 9 4 38 1 7 1 0
5 10 41 5 4 8 44 5 1 8 1 3 2 0
5 5 32 1 4 3 12 1 0 3 1 0 0 0
0 3 22 0 1 3 12 2 0 3 1 0 0 0
14 11 36 2 3 8 41 7 1 9 1 7 3 6
0 4 8 0 2 4 8 2 0 4 1 0 0 0
2 7 32 0 2 6 39 4 1 6 1 3 1 0
2 2 15 0 1 2 3 1 0 0 0 0 0 0
0 2 10 1 2 2 6 0 0 0 0 0 0 0
4 5 43 0 3 5 107 2 0 6 1 2 1 0
0 5 35 13 2 3 66 3 0 8 1 2 1 1
1 5 26 0 1 4 33 3 1 6 1 3 2 0
1 18 194 3 6 6 139 5 7 44 4 6 2 4
0 1 5 0 1 1 2 0 0 0 0 0 0 0
0 4 9 0 2 4 7 2 0 2 1 1 1 1
7 47 161 1 4 38 198 41 2 3 1 10 2 0
3 5 25 0 3 4 29 2 0 8 1 5 2 0
0 3 19 1 2 3 11 1 0 7 1 4 2 0
1 4 31 0 1 0 22 2 1 13 1 0 0 0
1 7 45 0 5 7 37 2 0 9 1 1 1 2
0 2 4 0 1 2 3 1 0 0 0 0 0 0
3 6 35 0 3 5 52 2 1 10 1 2 1 3
0 2 15 0 1 2 14 1 0 15 1 0 0 0
0 8 27 11 4 5 18 3 1 3 1 4 2 0
0 4 12 0 1 4 12 3 0 6 1 0 0 0
1 10 58 10 5 6 47 4 1 17 1 2 1 1
0 0 1 0 0 0 0 0 0 0 0 0 0 0
1 5 17 0 3 5 13 2 0 7 1 2 1 0
4 6 23 0 4 5 10 2 0 4 1 1 1 0
3 6 72 0 3 3 85 1 2 13 1 4 2 0
0 2 8 0 1 2 26 1 0 0 0 0 0 1
0 4 70 0 1 4 106 3 0 8 1 0 0 0
16 4 23 4 1 4 23 3 0 4 1 4 2 8
0 6 22 0 2 5 15 4 0 3 1 3 1 0
0 11 22 0 1 8 20 10 0 6 1 2 1 0
2 5 20 0 2 5 16 3 0 7 1 4 2 0
0 0 5 0 0 0 0 0 0 0 0 0 0 0
0 1 4 0 1 1 4 0 0 0 0 0 0 0
0 2 9 0 1 1 7 1 0 0 0 0 0 0
4 17 70 3 6 8 111 10 1 9 1 4 1 0
1 3 9 0 1 3 14 2 0 7 1 0 0 0
2 4 15 0 2 3 8 2 0 9 1 2 1 0
4 4 17 0 1 2 31 2 1 16 1 4 1 0
0 5 26 0 3 5 52 2 0 5 1 3 1 0
1 6 23 0 1 3 36 3 2 3 1 0 0 0
1 10 29 0 3 4 24 4 3 5 1 4 1 0
1 10 32 0 3 8 71 5 2 42 1 2 1 2
1 2 10 2 1 2 6 1 0 0 0 0 0 0
1 6 15 0 3 4 9 3 0 12 1 2 1 1
0 0 3 0 0 0 0 0 0 0 0 0 0 0
0 14 40 1 5 8 58 8 1 7 1 2 1 3
0 4 14 0 2 4 16 2 0 3 1 4 1 0
0 5 241 0 1 8 635 4 0 13 1 1 1 0
0 15 59 0 4 10 84 8 3 51 3 9 4 0
0 2 6 0 1 2 2 1 0 0 0 0 0 0
3 7 47 1 5 7 60 2 0 10 1 2 1 1
7 14 43 0 7 11 33 7 0 4 1 7 1 1
0 2 16 0 1 2 10 1 0 0 0 0 0 0
2 7 36 0 6 7 12 1 0 7 1 0 0 0
6 12 27 0 2 2 33 8 2 6 1 6 3 1
3 4 15 0 2 4 6 2 0 4 1 4 2 0
0 11 32 0 7 8 16 2 2 4 1 2 1 0
0 0 3 0 0 0 0 0 0 0 0 0 0 0
4 17 123 0 4 10 170 11 2 25 1 2 1 4
0 4 12 1 2 2 6 2 0 1 0 3 1 0
0 5 16 0 2 5 17 3 0 3 1 1 1 0
1 6 24 0 3 6 23 2 1 9 1 5 1 0
1 4 31 0 3 4 18 1 0 3 1 2 1 1
2 9 34 0 3 6 47 6 0 7 1 2 1 1
1 2 16 0 1 2 13 1 0 0 0 0 0 0
1 29 102 13 4 20 115 25 0 4 1 7 3 0
0 6 24 0 3 6 23 3 0 9 1 2 1 0
0 1 12 0 1 2 11 0 0 0 0 0 0 0
0 0 4 0 0 0 3 0 0 0 0 0 0 0
0 0 2 0 0 0 5 0 0 0 0 0 0 0
0 0 0 0 0 0 0 0 0 0 0 0 0 0
0 5 19 0 3 5 20 2 0 8 1 3 1 0
19 9 70 11 5 8 106 1 3 11 3 4 1 1
2 8 38 0 3 5 56 5 0 3 1 4 1 1
0 2 10 0 1 4 10 1 0 5 0 0 0 2
1 9 28 0 3 7 41 6 0 9 1 1 1 0
1 2 13 0 1 2 21 1 0 10 1 0 0 1
4 2 14 0 1 2 19 1 0 9 1 0 0 1
0 9 35 0 2 5 43 5 2 7 1 3 1 0
1 4 14 0 2 3 20 1 1 8 1 0 0 0
1 3 19 0 1 3 46 2 0 5 1 0 0 0
1 5 37 0 3 4 19 2 0 7 1 5 2 0
1 2 14 0 1 2 5 1 0 5 1 0 0 0
1 7 29 1 3 5 45 3 1 5 1 2 1 1
0 10 13 1 3 6 18 5 2 25 1 3 1 0
4 10 24 2 5 12 40 5 0 3 1 2 1 1
26 64 274 10 6 38 563 57 1 166 1 14 3 7
1 12 34 0 4 10 53 6 2 7 1 6 3 0
0 4 12 0 3 4 7 1 0 15 2 3 1 0
1 0 6 0 0 0 5 0 0 2 0 0 0 0
11 1 13 0 1 1 7 0 0 9 0 4 2 5
3 4 21 0 1 3 12 3 0 4 1 0 0 0
0 1 13 0 1 1 4 0 0 0 0 0 0 0
0 2 4 0 1 1 3 1 0 0 0 0 0 0
0 7 21 0 2 4 38 5 0 7 1 4 1 0
0 2 5 0 1 2 4 1 0 0 0 0 0 1
1 7 19 8 2 5 26 5 0 7 1 4 1 1
0 0 2 0 0 0 3 0 0 0 0 0 0 0
0 0 1 0 0 0 0 0 0 0 0 0 0 0
3 4 45 0 2 4 62 2 0 11 1 11 4 2
5 5 23 0 4 8 8 1 0 3 1 0 0 0
1 5 8 0 3 5 11 2 0 2 1 2 1 0
0 4 36 1 2 4 38 2 0 7 1 4 1 2
13 5 67 1 2 4 195 3 0 14 1 6 1 5
1 2 11 2 1 2 13 1 0 10 1 0 0 0
0 2 26 0 1 3 40 1 0 10 1 0 0 0
2 19 65 8 6 0 72 12 1 12 1 3 2 0
0 0 8 0 0 0 4 0 0 0 0 0 0 0
2 5 37 0 3 5 54 2 0 18 1 2 1 0
2 15 51 6 5 13 56 9 1 2 1 3 2 1
2 2 19 0 1 2 29 1 0 0 0 0 0 0
2 5 28 0 2 3 69 3 0 5 1 0 0 0
9 3 87 2 2 4 130 1 0 8 1 6 2 0
5 7 49 3 3 4 46 4 0 4 1 5 1 0
1 2 9 0 1 2 11 1 0 3 1 0 0 0
0 2 4 0 1 1 3 0 1 0 0 0 0 0
0 5 15 0 3 5 8 2 0 8 1 2 1 0
3 5 17 0 3 5 11 2 0 8 1 0 0 0
0 2 18 0 1 3 14 1 0 5 1 1 1 0
1 6 18 3 3 4 5 3 0 13 1 2 1 0
3 2 17 0 1 1 12 1 0 2 0 0 0 0
0 7 25 0 3 7 27 4 0 8 1 4 2 1
10 7 24 0 3 6 29 4 0 11 1 3 2 0
2 4 20 1 1 3 15 3 0 0 0 0 0 3
0 2 7 0 2 2 0 0 0 0 0 0 0 3
1 5 22 4 4 5 32 1 0 13 1 2 2 0
0 6 76 2 1 6 97 5 0 0 0 0 0 0
0 4 20 1 3 4 8 1 0 5 1 6 1 0
3 6 18 1 2 5 82 4 0 10 1 3 1 7
4 7 26 0 2 6 66 5 0 12 1 4 2 0
2 5 22 1 3 5 24 2 0 5 1 2 1 0
1 1 6 0 1 1 4 0 0 0 0 0 0 0
18 6 75 0 2 5 62 4 0 5 1 4 1 3
4 7 26 0 4 6 24 3 0 2 1 5 2 0
0 6 35 0 3 3 36 3 0 7 1 4 1 0
0 8 72 0 3 7 54 5 0 8 1 5 1 0
0 4 14 0 1 4 13 3 0 7 1 0 0 0
0 2 10 0 1 2 11 1 0 2 0 0 0 0
8 4 13 0 1 3 23 2 1 2 0 0 0 0
5 7 88 0 3 6 174 4 0 30 1 10 3 5
6 13 99 13 3 10 172 5 5 50 1 5 2 1
2 6 36 0 3 8 38 3 0 5 1 2 1 0
3 2 11 0 1 2 6 1 0 0 0 0 0 0
3 9 66 0 2 9 142 7 0 13 2 2 1 0
1 4 17 2 2 4 11 2 0 3 1 1 1 3
0 0 4 0 0 0 0 0 0 1 0 0 0 0
5 19 66 0 5 11 101 13 1 14 1 3 2 0
3 1 8 0 1 1 7 0 0 0 0 0 0 0
0 2 4 0 1 2 5 1 0 0 0 0 0 0
5 23 286 3 3 8 222 19 1 4 1 2 1 4
0 14 43 3 4 12 51 10 0 5 1 3 1 0
1 15 27 3 3 12 30 11 1 8 1 4 1 0
2 6 40 0 3 6 72 3 0 18 1 4 1 2
0 3 21 7 2 4 14 1 0 4 1 2 1 0
0 5 13 0 2 5 13 3 0 6 1 0 0 0
0 7 44 0 2 4 39 5 0 6 1 4 1 0
0 2 3 0 1 2 3 1 0 0 0 0 0 0
3 16 44 3 3 4 60 13 0 3 1 0 0 1
1 2 26 1 1 4 18 1 0 42 0 0 0 0
0 12 64 0 3 13 58 7 2 9 1 7 2 1
0 6 37 0 3 6 189 3 0 3 1 3 1 1
0 5 14 0 2 4 14 2 1 16 1 2 1 0
0 2 25 0 1 2 12 1 0 1 0 1 1 0
0 4 26 0 2 4 18 2 0 5 1 5 2 0
0 7 43 0 3 5 62 3 1 9 1 2 1 1
0 8 20 0 4 0 18 4 0 8 1 3 1 0
0 1 9 0 1 1 7 0 0 0 0 0 0 0
1 11 32 0 4 7 28 7 0 3 1 2 1 0
1 5 17 0 3 5 6 2 0 12 1 2 1 5
0 5 24 0 4 6 31 1 0 2 1 4 1 1
3 5 30 0 4 5 12 1 0 13 1 3 2 1
0 0 4 0 0 0 4 0 0 0 0 0 0 0
4 7 45 0 3 4 66 3 1 16 1 6 2 1
0 6 36 3 3 4 32 2 1 10 1 3 2 0
3 11 32 0 2 6 96 9 0 5 1 2 1 0
0 2 14 0 1 2 17 1 0 0 0 0 0 0
0 2 14 0 1 2 13 1 0 0 0 0 0 1
0 7 20 0 2 7 26 5 0 4 1 2 1 0
1 5 32 0 3 4 105 2 0 13 1 3 2 0
3 11 62 0 5 10 72 6 0 7 1 6 3 1
0 16 106 0 5 10 69 10 1 7 1 1 1 0
0 4 27 0 3 5 9 1 0 3 1 2 1 0
0 1 18 0 1 1 8 0 0 0 0 0 0 0
0 5 14 0 4 5 6 1 0 2 1 5 2 0
0 4 15 0 3 4 3 1 0 2 1 3 1 0
0 9 47 3 4 5 51 3 2 22 1 6 2 1
1 4 20 0 2 3 14 2 0 5 1 6 3 1
1 4 17 0 3 0 16 1 0 5 1 3 1 0
2 13 25 0 5 8 27 6 2 7 1 3 1 1
2 6 21 0 4 5 7 2 0 2 1 3 1 0
1 3 24 0 2 7 34 1 0 2 1 0 0 0
0 2 12 0 1 2 9 1 0 0 0 0 0 0
2 2 20 0 1 2 66 1 0 1 0 0 0 0
0 4 10 0 1 4 15 3 0 2 1 1 1 0
2 6 33 0 3 5 27 2 1 77 1 2 1 1
0 3 17 0 1 1 67 2 0 0 0 0 0 0
0 1 6 0 1 1 3 0 0 0 0 0 0 0
1 3 46 0 1 3 42 2 0 7 1 4 2 0
1 10 116 0 3 9 105 7 0 20 1 3 1 1
0 3 32 0 2 3 47 1 0 19 1 0 0 2
0 3 8 0 2 2 25 1 0 0 0 0 0 0
0 3 13 0 1 3 24 2 0 3 0 0 0 0
5 2 12 0 1 2 14 1 0 5 1 3 1 2
0 5 18 0 1 4 23 4 0 7 1 3 1 1
0 4 21 0 3 5 17 1 0 9 2 4 2 0
0 2 10 3 1 2 22 1 0 0 0 0 0 0
2 4 26 0 2 5 22 2 0 11 1 2 1 1
0 5 10 0 1 3 16 1 3 7 0 0 0 1
5 4 25 1 2 3 26 1 1 5 1 3 2 6
14 69 1033 9 8 32 1016 59 2 58 2 7 1 0
0 6 26 0 2 4 28 3 1 11 1 2 1 0
0 7 18 0 4 7 10 3 0 4 1 0 0 0
0 5 21 0 3 5 18 2 0 15 3 4 1 0
1 7 9 0 3 5 27 4 0 12 2 2 1 1
0 2 8 0 1 2 7 1 0 7 1 0 0 0
1 7 23 0 5 7 21 1 1 5 1 4 2 2
1 14 48 0 3 8 67 9 2 10 1 5 2 1
0 7 13 0 3 6 7 4 0 10 1 0 0 0
0 1 5 0 1 1 4 0 0 0 0 0 0 0
0 0 2 0 0 0 0 0 0 0 0 0 0 0
4 7 21 0 2 8 19 3 2 5 1 2 1 4
1 4 22 1 2 4 8 2 0 6 1 0 0 1
2 5 14 0 3 4 10 1 1 4 1 3 1 0
0 2 14 0 1 2 11 1 0 0 0 0 0 0
0 4 35 0 3 4 17 1 0 6 1 2 1 0
0 7 22 3 3 6 23 4 0 10 1 3 1 1
0 1 7 0 1 1 8 0 0 1 0 0 0 1
1 10 24 0 4 6 27 6 0 3 1 2 1 0
1 8 150 0 6 8 26 2 0 5 1 0 0 0
1 3 11 0 2 3 15 1 0 9 1 1 1 0
0 4 25 0 3 4 9 1 0 10 1 2 1 0
0 6 20 0 3 5 17 2 1 10 1 2 1 0
2 2 3 0 1 3 7 1 0 1 0 0 0 0
10 7 64 3 4 8 42 3 0 4 1 6 2 1
0 4 23 0 3 4 13 1 0 8 1 3 1 0
0 15 26 0 8 10 28 7 0 3 1 7 1 0
1 10 38 0 5 6 70 2 3 22 2 2 1 0
1 13 49 5 3 6 47 10 0 11 1 3 1 1
0 5 23 0 4 5 9 1 0 12 1 3 2 0
3 6 39 0 2 5 27 4 0 10 1 4 2 3
0 5 42 2 2 4 32 2 1 4 1 2 1 0
19 15 151 9 3 8 337 9 3 5 1 2 1 2
0 4 43 4 2 4 42 2 0 9 1 4 1 2
10 24 76 0 7 7 154 13 4 32 1 6 1 0
0 6 44 24 3 5 54 1 2 15 1 2 1 3
0 2 9 0 1 2 8 1 0 0 0 0 0 0
1 3 20 0 2 3 25 1 0 2 1 0 0 1
1 15 34 0 7 11 55 7 1 20 2 3 1 1
1 5 13 0 2 4 16 3 0 6 1 2 1 0
0 7 21 0 5 6 13 1 1 4 1 2 1 0
1 0 1 0 0 0 2 0 0 0 0 0 0 0
2 2 10 0 2 2 3 0 0 1 0 1 1 1
0 6 21 0 4 5 8 1 1 25 1 2 1 0
1 2 23 0 1 2 12 1 0 3 1 0 0 0
1 3 12 0 1 2 12 1 1 16 1 2 1 1
2 5 18 0 3 5 20 2 0 9 1 3 1 0
0 0 1 0 0 0 2 0 0 0 0 0 0 1
1 6 17 3 2 6 25 4 0 9 1 2 1 0
10 8 84 1 5 8 326 3 0 4 1 5 1 1
0 2 15 5 1 2 12 1 0 1 0 0 0 0
4 1 35 0 1 3 52 0 0 7 1 3 1 1
4 13 58 7 3 6 170 3 7 40 1 9 3 1
0 6 28 0 2 5 37 4 0 2 1 1 1 2
21 17 58 0 4 11 95 7 6 28 3 7 2 5
2 5 44 2 3 4 38 1 1 6 1 5 2 0
3 3 22 0 2 3 23 1 0 18 1 2 1 0
1 11 61 8 4 7 77 4 3 9 1 8 2 3
0 4 46 0 3 4 43 1 0 23 2 7 2 0
27 4 25 0 3 3 24 1 0 17 0 3 1 3
0 4 19 0 2 4 17 2 0 8 1 2 1 1
10 18 52 5 7 9 52 7 4 13 1 1 1 0
0 8 25 0 5 7 17 3 0 6 1 2 1 0
0 7 28 0 3 6 20 3 1 2 1 4 2 0
5 4 15 0 2 4 10 2 0 5 1 3 1 0
2 6 20 0 1 5 29 5 0 4 1 0 0 3
0 0 0 0 0 0 0 0 0 0 0 0 0 0
0 6 19 0 3 6 18 3 0 8 1 2 1 0
6 7 47 1 3 4 60 4 0 37 2 3 1 0
1 18 51 21 5 9 54 11 2 6 1 3 1 1
8 24 66 0 6 12 88 12 6 39 1 5 1 1
1 1 7 0 1 1 6 0 0 1 0 0 0 0
0 0 0 0 0 0 0 0 0 0 0 0 0 0
1 5 14 0 2 4 26 3 0 8 1 0 0 1
0 7 17 0 4 3 11 3 0 3 1 1 1 1
0 0 0 0 0 0 0 0 0 0 0 0 0 0
0 4 17 0 2 3 14 2 0 4 1 2 1 0
1 6 32 3 2 0 55 4 0 11 1 2 1 2
1 8 34 0 4 4 34 4 0 19 2 2 1 0
1 4 13 0 3 4 10 1 0 5 1 3 1 1
3 2 27 0 1 1 22 1 0 4 0 0 0 1
0 5 27 6 4 6 16 1 0 6 1 5 2 0
1 2 11 2 1 2 4 1 0 5 1 0 0 0
0 3 20 0 1 4 30 2 0 7 3 0 0 0
1 2 22 0 1 2 10 1 0 3 0 0 0 0
2 5 13 0 3 4 7 2 0 17 1 2 1 0
0 0 9 0 0 0 24 0 0 4 1 0 0 0
0 4 20 0 3 4 17 1 0 7 1 6 2 0
0 3 8 0 1 2 11 2 0 4 1 0 0 0
1 9 45 2 4 8 87 5 0 5 1 4 2 0
4 4 39 0 3 4 25 1 0 9 1 6 2 1
0 0 1 0 0 0 0 0 0 0 0 0 0 0
0 18 61 0 6 8 85 8 4 4 1 7 1 0
0 4 15 0 3 4 12 1 0 6 1 2 1 0
0 16 55 3 3 8 55 11 2 16 1 3 2 1
1 8 23 1 3 6 32 4 1 17 1 2 1 0
11 7 61 0 2 7 56 5 0 8 1 7 3 4
1 4 29 0 2 4 16 2 0 14 1 0 0 0
6 12 102 0 4 9 115 7 1 18 1 9 4 0
6 13 47 0 5 8 73 7 1 4 1 6 3 1
28 0 98 0 0 1 1875 0 0 6 0 6 1 3
0 8 27 0 6 7 14 1 1 14 1 2 1 1
1 8 10 2 1 4 33 7 0 3 1 2 1 1
3 15 50 25 6 11 54 8 1 14 1 2 1 4
0 4 37 0 1 4 34 3 0 6 1 3 1 0
9 17 45 0 7 14 183 8 2 7 1 2 2 1
2 5 29 0 4 6 20 1 0 8 1 5 2 2
0 5 20 3 2 5 15 3 0 3 1 0 0 0
12 8 37 2 4 6 72 4 0 11 1 3 1 0
10 10 37 1 3 8 50 7 0 6 1 5 2 0
0 6 25 2 2 4 11 4 0 9 1 2 1 0
0 4 30 0 3 4 24 1 0 18 1 3 2 0
0 6 19 0 2 2 19 2 2 0 0 0 0 0
0 5 11 0 2 4 15 2 1 10 1 0 0 1
0 6 34 3 5 6 14 1 0 3 1 3 1 0
1 2 26 1 1 0 34 1 0 5 1 0 0 1
4 7 29 0 4 0 19 2 1 3 1 6 1 3
1 10 42 1 2 4 99 8 0 78 1 3 1 1
1 5 13 0 3 5 6 2 0 2 1 2 1 1
1 11 35 0 6 7 24 5 0 9 1 3 1 0
0 9 24 0 4 6 20 4 1 4 1 4 1 0
5 6 35 1 4 8 49 1 1 3 1 1 1 1
1 13 43 0 3 7 45 10 0 10 1 6 2 1
10 48 34 1 4 24 188 43 1 20 1 6 2 0
14 8 66 12 3 6 42 5 0 19 1 10 1 3
0 2 27 0 1 2 6 1 0 0 0 0 0 0
1 4 12 0 2 4 6 2 0 8 1 0 0 0
0 7 20 0 3 7 12 4 0 2 1 5 2 0
0 3 15 0 1 3 14 2 0 2 1 0 0 0
0 7 40 1 3 7 26 4 0 3 1 9 1 0
0 4 16 0 2 4 13 2 0 4 1 2 1 0
0 0 1 0 0 0 1 0 0 0 0 0 0 0
0 4 15 0 3 4 3 1 0 9 1 0 0 0
2 0 8 0 0 0 8 0 0 7 0 0 0 0
0 5 15 0 4 5 17 1 0 2 1 2 1 0
1 7 47 1 5 6 37 1 1 2 1 5 2 1
2 5 25 0 3 4 19 2 0 4 1 2 1 0
0 0 2 0 0 0 6 0 0 0 0 0 0 0
0 6 16 0 3 5 12 2 1 2 1 2 1 0
0 5 45 0 1 9 88 4 0 5 1 2 1 0
4 3 17 0 1 3 26 2 0 1 0 2 1 3
0 2 25 0 1 2 25 1 0 0 0 2 1 0
1 5 15 0 2 3 15 3 0 4 1 0 0 0
0 4 11 2 3 4 11 1 0 2 1 1 1 0
0 5 25 5 4 5 17 1 0 7 1 2 1 2
1 1 10 0 1 1 2 0 0 1 0 0 0 0
10 5 28 0 2 3 33 2 1 11 1 2 1 3
2 5 17 0 1 4 44 4 0 5 1 4 1 0
1 4 27 1 3 4 20 1 0 5 1 0 0 0
0 5 35 0 3 4 60 2 0 2 1 3 2 0
2 5 46 0 3 4 53 2 0 11 1 2 1 0
1 4 15 0 3 4 14 1 0 3 1 4 1 0
2 3 9 0 1 1 12 2 0 5 1 3 2 0
0 5 21 0 3 5 10 2 0 5 1 1 1 0
0 4 12 0 2 4 6 2 0 2 1 2 1 0
16 5 15 0 4 4 7 1 0 2 1 4 1 3
3 4 19 1 2 4 25 2 0 6 1 2 1 0
1 6 58 0 4 5 63 2 0 10 1 7 3 1
3 9 31 0 3 8 37 5 1 7 1 1 1 0
6 7 63 0 4 5 66 3 0 30 1 11 2 2
0 1 4 0 1 1 0 0 0 1 0 0 0 0
4 11 39 0 2 4 51 4 5 0 0 0 0 4
1 2 15 0 1 4 13 1 0 2 1 3 1 0
4 4 12 0 2 4 11 2 0 10 1 3 1 0
0 5 12 0 2 5 9 3 0 2 1 4 3 0
6 4 47 10 3 6 60 1 0 42 1 4 1 2
0 2 12 0 2 2 5 0 0 4 1 1 1 0
0 8 26 0 1 5 37 4 3 10 0 3 2 2
0 2 3 0 1 2 3 1 0 0 0 0 0 0
1 0 2 0 0 0 3 0 0 0 0 0 0 0
0 0 1 0 0 0 0 0 0 0 0 0 0 0
2 2 6 0 1 2 6 1 0 0 0 2 1 0
0 0 4 0 0 0 2 0 0 0 0 0 0 0
0 0 0 0 0 0 0 0 0 0 0 0 0 0
0 1 2 0 1 1 0 0 0 0 0 0 0 0
0 0 14 0 0 0 4 0 0 0 0 0 0 0
1 1 7 0 1 1 3 0 0 0 0 0 0 1
0 4 17 0 1 0 14 3 0 5 1 0 0 0
0 0 4 0 0 0 4 0 0 0 0 0 0 0
0 0 6 0 0 0 3 0 0 0 0 0 0 0
0 1 4 0 1 1 2 0 0 0 0 0 0 0
0 0 10 0 0 0 4 0 0 0 0 0 0 0
0 0 4 0 0 0 2 0 0 0 0 0 0 0
0 4 16 0 1 3 80 2 1 0 0 0 0 1
0 4 13 0 1 4 19 3 0 11 1 0 0 0
0 0 5 0 0 0 4 0 0 0 0 0 0 1
0 0 3 0 0 0 3 0 0 0 0 0 0 0
0 2 9 0 1 2 3 1 0 0 0 0 0 0
0 2 14 0 1 2 42 1 0 4 1 4 2 0
0 0 1 5 0 0 1 0 0 0 0 0 0 0
0 0 1 0 0 0 2 0 0 0 0 0 0 0
0 1 3 0 1 1 2 0 0 0 0 0 0 0
0 0 0 0 0 0 0 0 0 0 0 0 0 0
1 3 10 0 2 3 6 1 0 4 1 2 1 0
0 0 5 0 0 0 1 0 0 0 0 0 0 0
0 1 5 0 1 1 4 0 0 0 0 0 0 0
0 1 4 0 1 1 7 0 0 0 0 0 0 0
0 2 5 0 1 2 6 1 0 0 0 0 0 0
0 0 2 0 0 0 1 0 0 0 0 0 0 0
0 0 4 0 0 0 2 0 0 0 0 0 0 0
0 0 4 0 0 0 3 0 0 0 0 0 0 0
1 10 25 1 3 5 31 5 2 4 1 2 1 0
1 2 15 0 1 2 18 1 0 0 0 0 0 0
0 3 7 0 1 2 13 1 1 0 0 0 0 0
0 1 5 0 1 1 2 0 0 0 0 0 0 0
1 2 18 0 1 2 12 1 0 5 1 0 0 0
1 1 5 0 1 1 3 0 0 0 0 0 0 0
3 2 21 2 1 2 47 1 0 1 0 2 1 2
0 4 10 0 3 4 9 1 0 8 1 1 1 0
1 0 5 0 0 0 3 0 0 0 0 0 0 0
0 1 7 0 1 1 4 0 0 0 0 0 0 0
0 1 3 0 1 1 1 0 0 0 0 0 0 0
0 0 3 0 0 0 9 0 0 0 0 0 0 0
1 8 23 0 3 8 81 5 0 6 1 4 2 0
0 0 0 0 0 0 3 0 0 0 0 0 0 0
0 7 33 16 3 6 101 4 0 7 1 2 2 1
0 2 6 0 1 2 11 1 0 0 0 0 0 0
0 2 7 0 1 2 12 1 0 6 1 0 0 0
2 2 6 1 1 1 12 0 1 0 0 1 1 1
1 2 15 0 1 2 10 1 0 10 1 0 0 0
7 1 7 0 1 1 3 0 0 0 0 0 0 0
0 1 5 0 1 1 5 0 0 0 0 0 0 0
0 1 10 0 1 1 5 0 0 0 0 0 0 0
0 0 1 0 0 0 0 0 0 0 0 0 0 0
0 0 2 0 0 0 0 0 0 0 0 0 0 0
0 0 3 0 0 0 3 0 0 0 0 0 0 0
1 1 14 0 1 1 8 0 0 0 0 0 0 0
0 3 6 0 1 2 11 2 0 0 0 0 0 0
1 5 18 1 3 5 20 2 0 8 1 0 0 0
2 0 3 0 0 0 0 0 0 2 0 1 1 0
1 1 12 0 1 1 15 0 0 0 0 0 0 0
0 2 2 0 1 2 2 1 0 1 0 0 0 0
5 5 17 3 3 2 31 1 1 19 1 2 1 1
0 0 0 0 0 0 0 0 0 0 0 0 0 0
1 2 3 0 1 3 2 1 0 0 0 0 0 0
0 4 16 0 1 4 10 3 0 0 0 0 0 0
0 0 4 0 0 0 5 0 0 0 0 0 0 0
0 1 7 0 0 1 3 1 0 0 0 0 0 0
1 0 2 0 0 0 2 0 0 1 0 0 0 0
0 3 4 0 1 3 11 2 0 0 0 0 0 0
0 3 10 0 2 3 6 1 0 0 0 0 0 0
0 0 3 0 0 0 3 0 0 0 0 0 0 0
0 5 30 0 1 1 24 4 0 0 0 0 0 1
0 0 3 0 0 0 1 0 0 0 0 0 0 0
0 1 8 0 1 1 4 0 0 0 0 0 0 0
12 6 31 0 3 6 29 3 0 4 1 0 0 4
0 0 2 0 0 0 7 0 0 0 0 0 0 0
0 0 0 0 0 0 0 0 0 0 0 0 0 0
0 0 2 0 0 0 0 0 0 0 0 0 0 0
0 2 6 0 1 2 5 1 0 0 0 0 0 0
0 4 8 0 2 4 8 2 0 3 1 1 1 0
0 1 11 2 1 1 10 0 0 0 0 0 0 1
0 0 3 0 0 0 0 0 0 0 0 2 1 0
0 3 10 1 1 2 13 1 1 0 0 0 0 1
3 5 15 0 3 5 15 2 0 5 1 2 1 0
1 6 15 0 3 5 10 2 1 7 1 2 1 0
1 2 6 0 1 2 2 1 0 1 0 0 0 0
2 3 24 0 1 3 17 2 0 0 0 0 0 0
0 2 9 0 2 2 6 0 0 0 0 0 0 3
0 1 5 0 1 1 5 0 0 0 0 0 0 0
0 0 4 0 0 0 1 0 0 0 0 0 0 0
0 0 2 0 0 0 0 0 0 0 0 0 0 0
0 0 1 0 0 0 1 0 0 0 0 0 0 0
0 1 4 0 1 1 2 0 0 0 0 0 0 0
0 0 1 0 0 0 0 0 0 0 0 0 0 0
0 0 1 0 0 0 0 0 0 0 0 0 0 0
0 2 12 0 1 2 15 1 0 0 0 0 0 0
0 0 15 6 0 0 23 0 0 5 0 0 0 0
8 6 42 0 4 5 24 2 0 5 1 1 1 0
0 0 5 0 0 0 2 0 0 0 0 0 0 0
0 1 3 0 1 1 6 0 0 0 0 0 0 1
1 0 3 0 0 0 1 0 0 0 0 0 0 0
0 0 1 0 0 0 1 0 0 0 0 0 0 0
0 1 6 0 1 1 5 0 0 0 0 0 0 0
0 3 15 1 1 3 8 2 0 0 0 0 0 0
0 4 7 0 1 3 18 3 0 0 0 0 0 0
0 0 1 0 0 0 0 0 0 0 0 0 0 0
2 6 45 0 1 1 52 5 0 11 1 8 1 0
0 0 5 0 0 0 3 0 0 0 0 0 0 0
0 1 3 0 1 1 1 0 0 0 0 0 0 0
0 1 10 0 1 1 3 0 0 0 0 0 0 0
0 0 2 0 0 0 5 0 0 0 0 0 0 0
0 2 13 0 1 2 9 1 0 0 0 0 0 0
0 6 42 0 3 5 97 2 1 22 1 3 1 2
0 0 3 0 0 0 5 0 0 0 0 0 0 0
0 2 5 0 1 2 5 1 0 0 0 0 0 0
0 1 3 0 1 1 5 0 0 0 0 0 0 0
0 0 7 0 0 0 5 0 0 0 0 0 0 1
0 1 5 0 1 1 1 0 0 0 0 0 0 0
1 7 22 1 2 7 28 4 1 5 1 1 1 0
6 3 11 2 2 3 4 1 0 3 1 0 0 0
0 2 7 0 1 2 2 1 0 0 0 0 0 0
0 7 12 18 1 5 23 4 2 0 0 0 0 0
1 2 9 0 1 2 8 1 0 0 0 0 0 0
2 0 5 0 0 0 6 0 0 1 0 5 1 2
0 0 0 0 0 0 0 0 0 0 0 0 0 1
0 1 7 0 0 1 9 1 0 0 0 0 0 0
0 0 1 0 0 0 0 0 0 0 0 0 0 0
0 4 37 0 2 3 36 2 0 23 1 3 1 0
0 4 10 0 3 4 3 1 0 3 1 12 4 0
0 0 0 0 0 0 1 0 0 0 0 0 0 0
0 1 17 2 0 1 10 1 0 0 0 0 0 0
0 2 14 0 1 2 34 1 0 10 1 0 0 0
0 1 8 0 1 1 4 0 0 0 0 2 1 0
4 4 19 0 3 4 18 1 0 12 1 0 0 2
0 2 3 0 1 2 2 1 0 0 0 0 0 0
0 4 17 0 2 4 8 2 0 8 1 0 0 2
1 4 12 0 2 4 10 2 0 4 1 2 1 0
0 3 4 0 1 1 5 2 0 0 0 0 0 0
0 0 3 0 0 0 11 0 0 0 0 0 0 0
0 1 8 0 1 1 3 0 0 0 0 0 0 0
0 3 9 0 1 2 10 2 0 0 0 0 0 0
0 0 4 0 0 0 2 0 0 0 0 0 0 0
0 0 2 0 0 0 3 0 0 0 0 0 0 0
4 5 149 0 3 5 62 2 0 15 1 6 3 8
0 0 1 0 0 0 1 0 0 0 0 0 0 0
4 5 26 0 1 4 58 4 0 0 0 0 0 2
0 3 9 2 1 3 12 2 0 0 0 0 0 0
0 0 4 0 0 0 3 0 0 0 0 0 0 0
0 0 0 0 0 0 0 0 0 0 0 0 0 0
0 0 5 0 0 0 3 0 0 0 0 0 0 0
0 0 2 0 0 0 1 0 0 0 0 0 0 0
0 5 17 0 1 3 20 2 2 0 0 0 0 0
1 2 39 0 1 2 39 1 0 0 0 0 0 1
3 0 4 0 0 0 1 0 0 0 0 0 0 0
0 0 2 0 0 0 0 0 0 0 0 0 0 0
0 0 0 0 0 0 0 0 0 0 0 0 0 0
0 0 3 0 0 0 0 0 0 0 0 0 0 0
0 2 8 0 1 2 15 1 0 0 0 0 0 0
0 2 14 0 1 2 15 1 0 0 0 0 0 1
3 5 34 0 3 6 59 1 1 7 1 4 3 1
0 2 6 0 1 2 3 1 0 0 0 0 0 0
3 7 110 0 3 7 169 4 0 2 1 6 3 0
0 1 7 0 1 1 1 0 0 0 0 0 0 0
0 0 1 0 0 0 0 0 0 0 0 0 0 0
2 0 2 0 0 0 1 0 0 0 0 0 0 0
0 2 4 0 1 2 10 1 0 0 0 0 0 0
0 4 14 0 3 4 9 1 0 5 1 0 0 0
0 0 1 0 0 0 0 0 0 0 0 0 0 1
0 0 1 0 0 0 0 0 0 0 0 0 0 0
0 0 4 0 0 0 1 0 0 0 0 0 0 0
0 4 7 0 1 2 11 3 0 0 0 0 0 0
0 0 1 0 0 0 1 0 0 0 0 0 0 0
0 2 7 0 1 2 4 1 0 0 0 0 0 0
0 2 12 0 1 2 13 1 0 26 1 0 0 1
3 9 38 0 4 6 40 5 0 7 1 7 2 1
0 0 6 0 0 0 7 0 0 0 0 0 0 0
0 0 1 0 0 0 0 0 0 0 0 0 0 0
0 1 2 0 1 1 0 0 0 0 0 0 0 0
9 15 44 0 5 8 61 9 1 5 2 3 1 4
0 2 11 0 1 2 5 1 0 0 0 0 0 0
0 0 1 0 0 0 2 0 0 0 0 0 0 0
1 11 23 0 3 6 23 8 0 5 1 4 2 0
0 0 4 0 0 0 2 0 0 0 0 0 0 0
1 0 3 0 0 0 1 0 0 0 0 0 0 0
0 5 18 0 2 4 22 3 0 5 1 0 0 0
2 1 11 0 1 2 5 0 0 8 0 27 8 2
0 7 13 0 2 5 28 5 0 0 0 0 0 0
1 0 1 0 0 0 2 0 0 0 0 0 0 0
2 0 12 0 0 0 2 0 0 5 1 0 0 0
0 2 8 0 1 0 6 1 0 0 0 0 0 0
1 0 3 0 0 0 2 0 0 0 0 0 0 0
1 10 25 0 3 9 98 7 0 6 1 2 1 1
2 5 33 1 2 2 19 3 0 0 0 0 0 1
1 5 19 0 4 5 11 1 0 2 1 2 1 5
0 1 4 0 1 1 1 0 0 0 0 0 0 0
0 2 5 0 1 2 7 1 0 0 0 0 0 0
0 2 14 6 1 2 14 1 0 4 1 0 0 0
1 9 21 0 6 7 11 3 0 2 1 1 1 4
0 0 23 2 0 0 4 0 0 0 0 0 0 0
5 5 26 0 2 5 26 3 0 3 1 2 1 1
1 1 12 0 1 1 7 0 0 10 1 0 0 0
0 0 1 0 0 0 1 0 0 0 0 0 0 0
9 0 55 0 0 0 28 0 0 4 0 4 3 3
0 0 1 0 0 0 1 0 0 0 0 0 0 0
1 0 5 0 0 0 6 0 0 0 0 0 0 0
0 2 4 0 1 2 13 1 0 2 0 0 0 0
0 0 3 0 0 0 0 0 0 0 0 0 0 0
0 0 6 0 0 0 1 0 0 0 0 0 0 1
0 2 6 0 1 1 5 1 0 1 0 0 0 0
2 13 34 0 5 9 35 8 0 4 1 5 2 0
0 4 25 1 3 4 20 1 0 3 1 0 0 0
0 2 11 0 1 2 15 1 0 32 1 0 0 0
0 5 28 1 3 4 10 2 0 7 1 2 1 1
0 0 2 0 0 0 0 0 0 0 0 0 0 0
0 0 1 0 0 0 2 0 0 0 0 0 0 0
0 0 4 0 0 0 3 0 0 0 0 0 0 0
1 7 27 0 2 7 44 5 0 36 1 0 0 1
1 5 14 0 1 4 23 3 1 0 0 0 0 0
2 2 9 0 1 2 16 1 0 0 0 0 0 1
0 2 12 0 1 2 9 1 0 0 0 0 0 0
0 2 6 0 1 2 6 1 0 0 0 0 0 0
2 1 5 0 1 2 0 0 0 4 1 0 0 0
0 0 0 0 0 0 0 0 0 0 0 0 0 0
0 3 4 0 1 2 7 1 1 0 0 0 0 0
0 0 2 0 0 0 7 0 0 0 0 0 0 1
4 19 41 0 7 18 59 12 0 4 1 2 1 1
0 4 7 0 1 2 12 3 0 0 0 0 0 0
0 0 3 0 0 0 1 0 0 0 0 0 0 0
3 7 37 0 6 8 15 1 0 8 1 4 1 1
0 2 5 0 1 2 4 1 0 0 0 0 0 0
0 0 2 0 0 0 1 0 0 0 0 0 0 0
0 0 1 0 0 0 0 0 0 0 0 0 0 0
0 1 28 6 1 1 10 0 0 18 1 0 0 0
0 0 2 0 0 0 1 0 0 0 0 0 0 0
0 12 35 0 5 7 36 4 3 8 1 0 0 0
0 2 10 0 1 2 9 1 0 0 0 0 0 0
0 3 9 0 2 2 9 0 1 0 0 0 0 0
2 7 24 0 3 6 26 4 0 6 1 2 1 0
1 1 3 0 1 1 1 0 0 0 0 0 0 1
0 0 1 0 0 0 0 0 0 0 0 0 0 0
0 2 7 0 1 2 16 1 0 0 0 1 1 0
0 0 6 0 0 0 3 0 0 0 0 0 0 0
1 5 16 1 2 4 14 3 0 0 0 0 0 0
0 1 5 0 1 1 4 0 0 0 0 0 0 0
0 4 20 0 3 5 17 1 0 7 1 2 1 0
0 0 4 0 0 0 5 0 0 0 0 0 0 0
0 0 0 0 0 0 0 0 0 0 0 0 0 0
0 8 35 0 3 4 24 4 1 7 1 3 1 0
0 4 28 1 1 5 50 3 0 17 1 2 1 2
0 0 4 0 0 0 3 0 0 0 0 0 0 0
0 1 5 0 1 0 1 0 0 0 0 0 0 0
0 1 15 1 1 0 14 0 0 0 0 0 0 0
1 2 27 0 1 2 23 1 0 0 0 0 0 1
0 0 3 0 0 0 3 0 0 0 0 0 0 0
2 1 6 0 0 1 7 1 0 0 0 0 0 0
2 6 24 0 3 4 17 3 0 4 1 2 1 0
1 0 1 0 0 0 1 0 0 0 0 0 0 0
1 4 25 1 3 4 10 1 0 5 1 4 1 0
1 6 12 3 1 3 29 5 0 4 1 0 0 0
0 0 4 0 0 0 1 0 0 0 0 0 0 0
0 0 4 0 0 0 4 0 0 0 0 0 0 0
0 1 4 0 0 1 4 1 0 0 0 0 0 0
0 1 7 0 1 1 5 0 0 0 0 0 0 0
0 1 2 0 1 1 0 0 0 0 0 0 0 0
0 2 6 0 1 2 8 1 0 0 0 0 0 0
0 0 1 0 0 0 1 0 0 0 0 0 0 0
0 5 9 0 1 2 13 4 0 1 0 0 0 0
0 5 11 3 1 2 13 0 4 0 0 0 0 0
0 0 0 0 0 0 0 0 0 0 0 0 0 0
0 4 11 0 3 4 7 1 0 2 1 1 1 0
0 10 38 5 3 5 41 2 5 10 1 5 2 0
0 4 15 0 2 4 6 2 0 2 0 1 1 0
0 2 7 1 1 2 6 1 0 0 0 0 0 0
1 11 54 1 2 7 63 8 1 8 1 2 1 0
0 0 5 0 0 0 3 0 0 0 0 0 0 0
0 0 1 0 0 0 0 0 0 0 0 0 0 0
0 4 6 0 1 2 8 1 2 0 0 0 0 0
0 2 3 1 1 2 3 1 0 0 0 0 0 0
0 1 6 0 1 1 3 0 0 0 0 0 0 0
1 6 62 0 4 7 36 2 0 7 1 5 1 0
0 0 0 0 0 0 0 0 0 0 0 0 0 0
0 3 23 0 1 2 23 2 0 0 0 0 0 0
0 7 33 0 3 6 91 3 1 10 1 4 1 1
0 0 1 0 0 0 0 0 0 0 0 0 0 0
0 0 1 0 0 0 0 0 0 0 0 0 0 0
0 4 6 0 1 3 13 3 0 0 0 0 0 0
1 1 9 0 1 1 6 0 0 3 0 2 1 0
0 2 7 0 1 2 5 1 0 0 0 0 0 0
1 0 7 0 0 0 0 0 0 2 0 0 0 0
0 2 13 0 1 2 2 1 0 3 0 0 0 0
2 4 17 2 3 4 9 1 0 2 1 0 0 0
1 0 2 0 0 0 3 0 0 0 0 0 0 0
1 22 62 1 8 15 70 14 0 4 1 2 1 1
0 1 6 0 1 1 5 0 0 0 0 0 0 0
0 1 3 0 1 1 0 0 0 0 0 0 0 0
0 0 0 0 0 0 0 0 0 0 0 0 0 0
0 3 9 3 1 5 15 2 0 0 0 0 0 0
0 2 10 10 1 2 15 1 0 0 0 0 0 0
0 0 3 0 0 0 3 0 0 0 0 0 0 0
0 0 3 0 0 0 3 0 0 0 0 0 0 0
0 2 19 0 1 2 26 1 0 13 1 0 0 0
0 0 1 0 0 0 1 0 0 0 0 0 0 0
0 1 9 0 1 1 8 0 0 0 0 0 0 0
1 5 11 0 1 5 12 4 0 2 1 1 1 0
0 1 2 0 1 1 0 0 0 0 0 0 0 0
1 4 11 0 2 4 14 2 0 6 1 2 1 0
0 2 5 0 1 2 3 1 0 0 0 0 0 0
0 0 2 0 0 0 0 0 0 0 0 0 0 0
0 0 4 0 0 0 3 0 0 0 0 0 0 0
0 2 24 0 1 2 34 1 0 11 0 0 0 0
1 1 10 0 1 1 7 0 0 0 0 0 0 0
0 0 5 0 0 0 23 0 0 0 0 0 0 0
0 4 12 0 2 3 8 2 0 7 2 0 0 0
0 0 2 0 0 0 0 0 0 0 0 0 0 0
0 2 13 0 1 2 7 1 0 0 0 0 0 0
0 0 4 0 0 0 5 0 0 0 0 0 0 0
0 1 5 0 0 0 5 1 0 0 0 0 0 0
0 2 5 0 1 2 6 1 0 0 0 0 0 0
17 6 56 0 3 4 75 3 0 9 1 6 2 1
1 3 6 0 1 2 10 1 1 4 1 0 0 0
0 5 11 0 3 5 12 2 0 4 1 4 1 0
0 0 3 0 0 0 2 0 0 0 0 0 0 0
0 1 4 0 0 1 6 1 0 0 0 0 0 0
0 0 2 0 0 0 0 0 0 0 0 0 0 0
6 1 9 0 1 1 4 0 0 0 0 0 0 0
0 10 38 0 5 10 71 5 0 9 1 7 2 1
34 6 45 2 3 7 52 3 0 13 1 5 2 2
0 0 1 0 0 0 0 0 0 1 0 0 0 1
2 1 4 0 1 1 8 0 0 0 0 0 0 0
0 0 2 0 0 0 0 0 0 0 0 0 0 0
4 3 14 0 2 3 17 1 0 7 1 0 0 0
0 2 11 0 1 2 7 1 0 0 0 0 0 3
0 2 9 0 1 0 11 1 0 5 1 0 0 1
0 2 19 0 2 2 11 0 0 0 0 0 0 0
4 4 20 0 3 2 34 1 0 5 1 0 0 0
0 2 4 0 1 2 6 1 0 0 0 0 0 0
1 4 33 0 2 3 64 2 0 17 1 0 0 0
0 1 11 0 1 0 12 0 0 0 0 0 0 0
0 2 6 0 1 2 21 1 0 0 0 0 0 0
0 2 6 1 1 1 5 1 0 2 0 0 0 0
2 0 0 0 0 0 0 0 0 0 0 0 0 1
7 18 25 4 6 9 35 12 0 4 1 3 1 2
1 4 25 0 3 4 17 1 0 4 1 2 1 0
1 4 16 0 2 1 7 2 0 10 1 0 0 0
0 4 8 0 2 4 7 2 0 18 1 2 1 0
23 14 57 12 9 13 44 5 0 4 1 2 1 0
4 7 15 0 4 6 23 2 1 9 1 4 2 1
0 2 5 3 1 2 2 1 0 0 0 0 0 0
3 5 20 1 3 5 22 2 0 6 1 3 1 1
0 2 10 0 1 3 4 1 0 0 0 0 0 0
0 4 10 0 2 4 6 2 0 4 1 2 1 0
0 2 16 0 1 2 15 1 0 3 2 0 0 0
1 5 20 0 2 5 40 3 0 8 1 2 1 0
0 4 17 0 2 4 17 2 0 8 2 2 1 0
1 0 3 0 0 0 6 0 0 0 0 0 0 0
0 1 5 0 1 1 3 0 0 0 0 0 0 0
0 2 13 0 1 2 10 1 0 0 0 0 0 0
0 6 25 0 4 6 18 2 0 24 1 2 1 0
1 1 13 0 1 1 12 0 0 0 0 0 0 0
0 0 3 0 0 0 1 0 0 0 0 0 0 0
4 4 23 0 3 4 28 1 0 9 1 1 1 2
0 0 2 0 0 1 0 0 0 0 0 0 0 0
0 0 1 0 0 0 1 0 0 0 0 0 0 0
0 2 9 0 1 2 16 1 0 0 0 0 0 0
0 2 8 0 1 2 9 1 0 0 0 0 0 0
0 1 10 0 1 1 1 0 0 2 0 0 0 0
0 1 3 0 0 1 5 1 0 0 0 0 0 0
0 2 3 0 1 2 4 1 0 0 0 0 0 0
0 0 0 0 0 0 0 0 0 0 0 0 0 0
1 3 42 0 1 2 27 2 0 3 0 0 0 0
0 4 19 0 3 4 8 1 0 5 1 0 0 0
3 7 26 0 4 5 26 3 0 8 1 3 1 1
0 0 1 0 0 0 0 0 0 0 0 0 0 0
0 0 2 0 0 0 0 0 0 0 0 0 0 0
8 5 18 0 3 5 12 2 0 10 1 1 1 0
1 1 9 0 0 1 6 1 0 0 0 0 0 0
0 0 0 0 0 0 0 0 0 0 0 0 0 0
0 3 10 0 1 1 16 1 1 0 0 2 1 1
0 2 8 0 1 2 4 1 0 1 0 0 0 0
0 2 17 0 0 2 8 2 0 0 0 0 0 0
0 1 4 0 0 1 8 1 0 0 0 0 0 1
0 1 1 0 0 1 3 1 0 0 0 0 0 0
0 4 8 0 2 3 5 2 0 0 0 0 0 0
7 9 51 0 3 6 127 4 2 9 1 9 2 5
0 2 13 0 1 2 32 1 0 0 0 0 0 0
0 0 1 0 0 0 0 0 0 0 0 0 0 0
0 2 11 0 1 2 2 1 0 0 0 0 0 1
4 4 18 0 2 4 16 2 0 15 1 2 1 0
5 2 8 0 1 2 13 1 0 0 0 0 0 0
0 0 0 0 0 0 0 0 0 0 0 0 0 0
0 3 6 0 1 2 7 2 0 5 1 0 0 0
0 0 1 0 0 0 2 0 0 0 0 0 0 0
7 6 26 0 4 6 30 2 0 7 1 4 1 0
2 2 15 0 1 1 18 1 0 1 0 0 0 0
1 2 7 0 1 3 9 1 0 1 0 0 0 1
0 0 2 0 0 0 0 0 0 0 0 0 0 0
0 0 5 0 0 0 6 0 0 0 0 0 0 0
5 7 20 0 4 6 21 3 0 9 0 2 1 1
0 1 3 0 1 2 0 0 0 0 0 0 0 0
5 4 18 0 3 3 18 1 0 19 1 2 1 2
0 4 13 0 2 2 7 2 0 4 1 0 0 0
0 2 14 0 1 2 28 1 0 1 0 0 0 0
0 3 10 3 1 2 22 2 0 0 0 0 0 0
0 0 2 0 0 0 0 0 0 0 0 0 0 0
0 0 1 0 0 0 1 0 0 0 0 0 0 0
0 4 26 0 3 4 24 1 0 7 1 2 1 0
4 4 25 0 1 4 37 3 0 8 0 0 0 4
4 0 11 0 0 0 210 0 0 6 0 0 0 0
1 2 22 0 1 2 20 1 0 4 1 4 2 1
0 3 13 0 2 3 7 1 0 16 1 0 0 1
0 7 28 3 2 6 63 5 0 0 0 0 0 0
0 0 3 0 0 0 3 0 0 0 0 0 0 0
0 0 1 0 0 0 1 0 0 0 0 0 0 0
0 1 8 0 1 1 5 0 0 0 0 0 0 0
0 0 0 0 0 0 0 0 0 0 0 0 0 0
0 1 7 0 1 1 2 0 0 0 0 0 0 0
0 1 6 0 1 1 14 0 0 0 0 0 0 0
2 5 25 1 2 5 27 3 0 19 1 2 1 0
0 3 17 0 2 3 11 1 0 0 0 0 0 0
0 0 2 0 0 0 1 0 0 0 0 0 0 0
0 0 1 0 0 0 1 0 0 0 0 0 0 0
0 5 18 0 2 5 21 3 0 4 1 2 1 1
0 2 15 0 1 2 14 1 0 0 0 0 0 1
0 0 2 0 0 0 2 0 0 7 0 0 0 0
0 5 19 0 1 0 22 3 1 5 1 1 1 0
0 4 13 0 3 4 8 1 0 4 1 2 1 1
2 0 2 0 0 0 1 0 0 0 0 0 0 1
2 12 33 0 5 11 32 6 1 14 1 4 2 0
0 2 33 0 1 2 16 1 0 10 1 0 0 0
0 5 12 0 4 5 5 1 0 7 1 2 1 0
4 2 25 0 1 2 56 1 0 2 0 0 0 0
0 2 8 0 1 2 4 1 0 0 0 0 0 0
0 3 10 0 2 3 4 1 0 0 0 0 0 0
1 2 8 0 1 2 7 1 0 0 0 0 0 0
3 2 11 0 1 2 8 1 0 1 0 0 0 0
0 2 6 0 1 1 8 1 0 0 0 0 0 1
2 3 40 0 2 3 35 1 0 5 1 2 2 0
0 4 14 0 3 4 7 1 0 3 1 2 1 0
0 2 10 0 1 2 10 1 0 0 0 0 0 0
1 3 19 0 2 4 15 1 0 2 1 0 0 0
0 1 5 0 1 1 0 0 0 0 0 0 0 0
0 2 12 0 1 2 7 1 0 8 1 0 0 0
0 0 2 0 0 0 2 0 0 0 0 0 0 0
0 0 2 0 0 0 3 0 0 0 0 0 0 0
0 2 2 0 1 2 3 1 0 0 0 0 0 0
0 2 5 0 1 2 10 1 0 0 0 0 0 0
13 5 16 0 4 5 17 1 0 7 1 3 1 0
0 1 7 0 1 1 14 0 0 0 0 0 0 0
0 5 7 0 3 4 14 2 0 6 1 0 0 0
0 0 2 0 0 0 0 0 0 0 0 0 0 0
4 6 58 0 3 49 241 2 1 7 1 4 2 2
2 5 7 1 1 5 25 4 0 8 1 0 0 0
0 0 4 0 0 0 1 0 0 0 0 0 0 0
0 2 5 0 1 2 3 1 0 0 0 0 0 0
0 0 1 0 0 0 1 0 0 0 0 0 0 0
0 1 7 0 1 1 6 0 0 0 0 0 0 0
0 2 8 0 1 2 6 1 0 0 0 0 0 0
0 0 3 0 0 0 0 0 0 0 0 0 0 0
0 2 5 0 1 2 7 1 0 0 0 0 0 0
0 5 21 0 2 9 17 3 0 3 1 0 0 0
0 0 0 0 0 0 0 0 0 0 0 0 0 0
0 2 6 0 1 2 9 1 0 0 0 0 0 2
0 1 4 0 1 1 0 0 0 0 0 0 0 0
0 1 4 0 1 1 6 0 0 0 0 0 0 0
0 4 9 0 3 1 11 1 0 10 1 2 1 0
1 3 13 0 2 3 13 1 0 3 0 0 0 1
0 2 10 0 1 2 10 1 0 0 0 0 0 0
0 2 2 0 1 2 2 1 0 0 0 0 0 0
0 0 0 0 0 0 0 0 0 0 0 0 0 0
1 5 12 0 2 3 13 3 0 7 1 0 0 0
0 0 2 0 0 0 4 0 0 0 0 0 0 0
1 3 11 0 1 0 34 2 0 0 0 0 0 0
0 2 5 0 1 2 2 1 0 6 2 0 0 0
0 6 17 0 3 5 7 3 0 4 1 0 0 0
0 4 7 0 3 4 2 1 0 16 1 0 0 0
1 5 18 0 3 5 6 2 0 5 1 0 0 0
0 0 2 0 0 0 6 0 0 0 0 0 0 0
0 0 4 0 0 0 0 0 0 0 0 0 0 0
0 3 46 0 1 2 451 1 1 0 0 0 0 0
0 4 14 0 3 4 10 1 0 0 0 0 0 0
1 4 15 1 2 2 24 2 0 3 1 0 0 0
1 0 0 0 0 0 0 0 0 0 0 0 0 0
0 2 4 0 1 2 10 1 0 0 0 0 0 0
0 5 7 0 1 2 13 3 1 3 1 0 0 0
0 5 26 1 1 2 32 4 0 0 0 0 0 0
0 1 4 0 1 1 4 0 0 0 0 0 0 0
0 6 47 4 3 4 31 3 0 6 1 4 2 0
2 11 49 0 2 7 52 8 1 10 1 3 1 1
0 0 4 0 0 0 3 0 0 0 0 0 0 0
1 3 13 0 1 3 13 2 0 0 0 0 0 0
0 1 51 0 1 1 11 0 0 0 0 0 0 2
0 0 3 0 0 0 3 0 0 0 0 0 0 0
0 0 4 0 0 0 12 0 0 0 0 0 0 0
0 7 21 0 2 4 27 5 0 15 1 0 0 0
0 2 25 0 1 2 204 1 0 0 0 0 0 1
0 0 0 0 0 0 0 0 0 0 0 0 0 0
0 0 1 0 0 0 2 0 0 0 0 0 0 0
0 2 8 0 1 2 20 1 0 0 0 0 0 0
4 2 12 0 1 2 5 1 0 1 0 0 0 0
2 11 15 0 3 10 26 8 0 14 1 4 1 0
1 4 16 0 3 4 7 1 0 15 1 3 1 0
2 8 19 0 4 5 25 4 0 4 1 3 1 0
0 2 7 0 1 2 2 1 0 0 0 0 0 0
0 1 5 0 0 1 4 1 0 0 0 0 0 0
2 14 35 6 1 7 106 11 2 6 1 0 0 0
0 21 52 0 2 9 115 16 3 8 1 4 1 0
0 0 0 0 0 0 0 0 0 0 0 0 0 0
0 2 18 0 1 2 12 1 0 3 1 0 0 0
0 1 7 0 1 1 4 0 0 0 0 0 0 0
0 0 3 0 0 0 0 0 0 0 0 0 0 0
0 0 13 0 0 0 4 0 0 0 0 0 0 0
0 5 9 0 1 3 8 3 1 0 0 0 0 0
0 7 13 0 2 7 13 5 0 6 1 2 1 0
0 2 4 0 1 2 5 1 0 0 0 0 0 0
1 3 11 0 2 2 8 1 0 0 0 0 0 0
0 1 5 0 1 1 1 0 0 0 0 0 0 0
3 6 30 0 2 4 45 1 3 18 1 3 1 0
2 5 29 8 3 5 11 2 0 4 1 0 0 0
1 12 30 1 2 5 84 9 1 24 1 2 1 0
0 1 8 0 1 1 3 0 0 0 0 0 0 0
2 5 15 0 1 5 30 4 0 0 0 0 0 0
0 0 0 0 0 0 0 0 0 0 0 0 0 0
0 1 4 0 1 1 3 0 0 0 0 0 0 0
0 5 20 0 4 5 8 1 0 3 1 1 1 0
0 1 5 0 1 1 7 0 0 0 0 0 0 0
0 9 18 0 3 6 14 6 0 2 1 6 1 0
0 2 6 0 1 2 5 1 0 13 0 0 0 0
0 7 29 2 4 6 27 3 0 2 1 7 1 0
1 0 3 0 0 0 4 0 0 1 0 0 0 2
1 5 21 0 2 6 25 3 0 20 1 1 1 0
0 4 10 0 3 4 5 1 0 2 1 2 1 0
0 1 8 0 1 1 4 0 0 0 0 0 0 0
2 7 20 0 2 4 19 5 0 0 0 0 0 1
0 0 2 0 0 0 1 0 0 0 0 0 0 0
0 0 2 0 0 0 1 0 0 0 0 0 0 0
0 1 3 0 1 1 0 0 0 0 0 0 0 0
1 3 10 0 0 1 14 3 0 7 0 0 0 0
0 0 2 0 0 1 1 0 0 0 0 0 0 0
0 2 7 0 1 1 10 1 0 0 0 0 0 0
0 1 5 0 1 1 5 0 0 0 0 0 0 0
0 3 39 1 1 2 59 1 1 0 0 0 0 0
0 2 11 0 1 2 9 1 0 0 0 0 0 0
0 3 10 1 2 3 19 1 0 0 0 0 0 0
0 0 5 0 0 0 0 0 0 0 0 0 0 0
1 12 31 1 1 12 143 11 0 0 0 0 0 0
10 16 38 0 4 3 61 10 2 8 1 7 2 3
0 0 0 0 0 0 0 0 0 0 0 0 0 0
4 10 40 0 7 10 20 3 0 5 1 0 0 0
0 1 2 0 1 1 0 0 0 0 0 0 0 0
0 0 2 0 0 0 0 0 0 0 0 0 0 0
0 0 1 0 0 0 1 0 0 0 0 0 0 0
0 0 4 0 0 0 4 0 0 0 0 0 0 0
0 1 3 0 1 1 2 0 0 0 0 0 0 2
1 0 1 0 0 0 1 0 0 0 0 0 0 1
0 0 4 0 0 0 0 0 0 0 0 0 0 0
0 3 9 0 1 3 8 2 0 0 0 0 0 0
0 1 3 1 1 1 2 0 0 0 0 0 0 0
0 0 1 0 0 0 1 0 0 0 0 0 0 0
3 5 14 0 2 4 14 2 1 5 1 2 1 0
0 1 7 0 1 1 4 0 0 0 0 0 0 0
0 0 2 0 0 0 2 0 0 0 0 0 0 0
0 0 4 0 0 0 1 0 0 0 0 0 0 0
0 0 1 0 0 0 0 0 0 0 0 0 0 0
0 2 5 0 1 2 2 1 0 0 0 0 0 0
0 0 1 0 0 0 0 0 0 0 0 0 0 0
0 0 7 0 0 0 11 0 0 0 0 0 0 0
0 1 3 0 1 1 1 0 0 0 0 0 0 0
1 4 17 0 2 4 16 2 0 7 1 0 0 0
1 0 3 0 0 0 3 0 0 0 0 0 0 0
0 0 2 0 0 0 0 0 0 0 0 0 0 0
4 15 31 0 4 9 73 10 1 14 1 5 1 3
0 0 3 0 0 0 6 0 0 0 0 0 0 0
8 10 52 0 2 9 65 8 0 10 1 2 1 0
0 0 4 0 0 0 4 0 0 0 0 0 0 0
5 7 18 0 3 7 16 4 0 16 2 2 1 0
0 2 7 0 1 2 3 1 0 0 0 0 0 0
0 1 6 0 1 1 0 0 0 0 0 0 0 0
1 1 2 0 0 1 2 1 0 0 0 0 0 0
0 0 6 0 0 0 5 0 0 0 0 0 0 0
0 6 12 0 2 6 10 4 0 4 1 2 1 0
0 0 1 0 0 0 2 0 0 0 0 0 0 0
0 0 3 0 0 2 4 0 0 0 0 0 0 0
0 5 19 0 3 1 20 2 0 2 1 4 2 0
0 2 9 0 1 1 7 0 1 0 0 0 0 0
0 3 6 0 1 2 9 1 1 0 0 0 0 0
0 2 11 5 1 2 14 1 0 0 0 0 0 0
0 2 4 0 1 2 4 1 0 0 0 0 0 0
0 0 2 0 0 0 8 0 0 0 0 0 0 0
0 0 4 0 0 0 2 0 0 0 0 0 0 0
0 2 11 0 0 2 21 2 0 0 0 0 0 0
0 1 21 0 1 1 16 0 0 0 0 0 0 0
6 7 29 0 5 7 28 2 0 6 1 5 2 2
0 0 3 0 0 0 2 0 0 0 0 0 0 0
0 0 7 0 0 0 5 0 0 0 0 0 0 0
0 0 3 0 0 0 4 0 0 0 0 0 0 0
2 0 6 0 0 0 3 0 0 0 0 0 0 0
0 1 6 0 1 1 16 0 0 2 0 0 0 0
2 1 11 0 1 1 10 0 0 0 0 0 0 2
0 0 2 0 0 0 1 0 0 0 0 0 0 0
0 3 9 0 1 2 16 2 0 0 0 0 0 0
0 6 20 0 2 2 22 4 0 0 0 0 0 0
0 4 10 0 1 2 12 1 2 0 0 0 0 0
0 0 10 0 0 0 4 0 0 0 0 0 0 1
0 2 10 0 1 2 8 1 0 5 1 0 0 0
0 0 1 0 0 0 1 0 0 0 0 0 0 0
0 0 1 0 0 0 0 0 0 0 0 0 0 2
0 1 7 0 1 1 6 0 0 0 0 0 0 0
0 0 4 0 0 0 2 0 0 0 0 0 0 0
0 0 4 0 0 0 2 0 0 0 0 0 0 0
0 2 7 0 1 2 11 1 0 0 0 0 0 0
0 1 8 0 1 1 3 0 0 0 0 0 0 0
0 6 15 0 2 4 18 3 1 0 0 0 0 1
4 1 10 0 1 1 3 0 0 1 0 0 0 1
0 1 4 0 1 1 2 0 0 0 0 0 0 0
1 0 2 0 0 0 5 0 0 0 0 0 0 0
0 2 6 0 1 2 3 1 0 0 0 0 0 0
0 0 1 0 0 0 1 0 0 0 0 0 0 0
0 2 5 0 1 2 5 1 0 0 0 0 0 0
0 0 2 0 0 0 2 0 0 0 0 0 0 0
0 14 50 0 4 10 108 10 0 3 1 2 1 1
0 2 6 0 1 2 4 1 0 0 0 0 0 0
0 2 5 0 1 2 10 1 0 1 0 0 0 0
0 0 1 0 0 0 1 0 0 0 0 0 0 0
0 0 4 0 0 0 1 0 0 0 0 0 0 0
0 2 9 0 1 2 9 1 0 2 0 0 0 0
0 0 8 0 0 0 5 0 0 0 0 0 0 1
0 5 13 0 3 5 11 2 0 3 1 5 2 0
1 2 11 0 1 1 23 1 0 0 0 0 0 0
0 2 22 1 1 0 11 0 1 0 0 0 0 0
0 2 4 0 1 1 3 1 0 0 0 0 0 0
3 4 26 2 2 2 26 2 0 7 1 5 1 0
0 3 20 0 1 4 15 2 0 5 1 0 0 0
0 13 24 12 3 7 36 5 5 12 2 7 2 2
1 0 5 0 0 0 10 0 0 0 0 0 0 0
0 1 19 0 1 1 10 0 0 0 0 0 0 0
3 4 17 16 3 4 27 1 0 10 1 2 1 0
0 1 5 0 1 1 2 0 0 0 0 0 0 0
0 8 22 3 2 3 44 4 2 1 0 3 2 0
0 0 7 0 0 0 2 0 0 0 0 0 0 0
0 1 18 0 0 1 7 1 0 0 0 0 0 0
0 0 4 0 0 0 5 0 0 2 0 0 0 1
0 6 25 12 3 5 23 3 0 12 1 0 0 0
1 13 52 9 3 9 86 8 2 6 1 3 1 1
0 0 1 0 0 0 0 0 0 0 0 0 0 0
0 1 6 0 1 1 5 0 0 0 0 0 0 0
0 2 12 0 1 2 18 1 0 0 0 0 0 0
0 0 7 0 0 0 7 0 0 0 0 0 0 0
0 6 10 0 1 1 13 5 0 0 0 0 0 0
0 2 6 0 1 2 5 1 0 0 0 0 0 0
0 0 1 0 0 0 3 0 0 3 0 0 0 0
0 1 7 1 1 1 6 0 0 0 0 0 0 0
0 0 0 0 0 0 0 0 0 0 0 0 0 0
0 0 3 0 0 0 2 0 0 0 0 0 0 0
0 2 16 0 1 2 8 1 0 0 0 0 0 0
0 0 1 0 0 0 0 0 0 0 0 0 0 0
0 5 17 3 1 3 17 4 0 0 0 0 0 0
0 0 0 0 0 0 1 0 0 0 0 0 0 0
5 3 20 0 1 3 24 2 0 0 0 1 1 0
0 3 5 0 1 2 5 2 0 0 0 0 0 0
0 4 4 0 1 1 9 3 0 0 0 0 0 0
0 2 54 0 0 2 112 2 0 0 0 0 0 0
3 10 71 0 4 4 80 4 2 2 1 2 1 1
1 4 87 0 2 4 45 2 0 15 1 4 2 1
0 4 13 0 2 3 10 1 1 0 0 2 1 0
0 0 1 0 0 0 1 0 0 0 0 0 0 0
0 1 27 2 0 1 12 1 0 0 0 0 0 0
0 2 16 0 1 1 13 1 0 0 0 0 0 0
0 0 1 0 0 0 2 0 0 0 0 0 0 0
0 1 4 0 0 1 5 1 0 0 0 0 0 0
0 1 5 0 1 0 4 0 0 0 0 0 0 0
0 2 19 3 1 0 15 1 0 0 0 0 0 0
0 0 1 0 0 0 0 0 0 0 0 0 0 0
1 4 18 0 1 2 16 3 0 0 0 0 0 0
1 3 14 1 2 3 18 1 0 4 1 0 0 0
0 5 7 0 1 2 13 2 2 0 0 0 0 0
0 0 1 0 0 0 2 0 0 0 0 0 0 0
5 7 26 0 4 9 30 3 0 3 1 1 1 0
1 2 19 3 1 0 19 1 0 2 1 0 0 0
0 0 11 0 0 0 9 0 0 1 0 0 0 1
0 0 1 0 0 0 0 0 0 0 0 0 0 0
0 1 10 1 1 1 17 0 0 0 0 0 0 0
1 1 6 0 1 1 3 0 0 0 0 0 0 0
0 0 2 0 0 0 1 0 0 0 0 0 0 0
0 0 0 0 0 0 0 0 0 0 0 0 0 0
0 2 10 0 1 2 7 1 0 0 0 0 0 0
0 0 2 0 0 0 4 0 0 0 0 0 0 0
0 0 2 0 0 0 1 0 0 0 0 0 0 0
0 0 3 0 0 0 2 0 0 0 0 0 0 0
2 2 5 0 1 2 13 1 0 0 0 0 0 1
0 0 2 0 0 0 1 0 0 0 0 0 0 0
0 0 5 1 0 0 2 0 0 0 0 0 0 0
0 2 12 0 1 2 5 1 0 0 0 0 0 0
0 4 8 0 1 3 9 2 1 0 0 0 0 0
0 1 6 0 1 1 4 0 0 0 0 0 0 0
2 0 6 0 0 0 3 0 0 0 0 0 0 0
0 4 21 0 1 4 23 3 0 3 1 0 0 0
0 2 9 0 1 2 6 1 0 0 0 0 0 0
3 6 71 0 2 6 99 4 0 8 1 0 0 0
0 2 5 0 1 2 5 1 0 0 0 0 0 0
0 0 1 0 0 0 1 0 0 0 0 0 0 0
0 2 9 0 1 2 12 1 0 0 0 0 0 0
0 5 16 0 3 4 13 1 1 7 1 5 1 0
0 0 4 0 0 0 6 0 0 0 0 0 0 0
0 2 13 0 1 2 8 1 0 0 0 0 0 0
0 0 2 0 0 0 2 0 0 0 0 0 0 0
0 1 7 0 1 1 5 0 0 0 0 0 0 0
1 16 73 16 6 10 81 10 0 9 1 12 4 0
0 0 4 0 0 0 3 0 0 0 0 0 0 0
0 5 15 0 2 4 10 2 1 2 1 2 1 0
1 1 11 0 1 1 9 0 0 2 0 0 0 0
0 2 5 0 1 2 6 1 0 0 0 0 0 0
0 2 5 0 1 2 5 1 0 0 0 0 0 0
0 1 4 0 1 1 1 0 0 0 0 0 0 0
0 0 2 0 0 0 1 0 0 0 0 0 0 0
0 3 15 1 1 3 8 2 0 0 0 0 0 0
0 0 2 0 0 0 5 0 0 0 0 0 0 0
0 5 29 0 4 5 21 1 0 11 1 3 1 0
0 2 6 0 1 2 10 1 0 0 0 0 0 0
0 4 7 0 1 2 11 2 1 0 0 0 0 0
1 2 14 0 1 2 10 1 0 0 0 0 0 0
0 2 13 0 1 2 7 1 0 0 0 0 0 1
0 2 6 0 1 2 5 1 0 0 0 0 0 0
0 1 3 0 1 1 0 0 0 0 0 0 0 0
0 2 7 0 1 2 5 1 0 0 0 0 0 0
0 2 26 0 1 2 20 1 0 10 1 2 1 0
0 2 10 0 1 2 6 1 0 0 0 0 0 0
0 0 1 0 0 0 2 0 0 0 0 0 0 0
0 0 1 0 0 0 1 0 0 0 0 0 0 0
0 0 2 0 0 0 3 0 0 0 0 0 0 0
0 0 2 0 0 0 2 0 0 0 0 1 1 0
0 3 9 0 2 3 8 1 0 0 0 0 0 0
0 0 0 0 0 0 0 0 0 0 0 0 0 0
2 1 12 0 1 1 5 0 0 4 0 1 1 0
0 3 9 0 2 4 3 1 0 0 0 0 0 0
0 2 8 0 1 2 6 1 0 0 0 0 0 0
1 1 8 0 1 1 4 0 0 0 0 0 0 0
0 0 4 0 0 0 2 0 0 0 0 0 0 0
0 3 3 0 1 2 6 2 0 0 0 0 0 0
0 0 0 0 0 0 0 0 0 0 0 0 0 0
0 5 41 2 2 7 22 3 0 4 1 3 1 0
2 7 22 0 3 6 16 3 1 12 1 6 1 1
6 7 93 0 2 5 126 4 1 7 1 9 2 4
0 0 1 0 0 0 1 0 0 0 0 0 0 0
0 8 70 13 3 4 78 5 0 9 1 2 1 1
0 0 3 0 0 0 2 0 0 0 0 0 0 0
0 5 18 1 4 5 14 1 0 8 1 3 1 0
0 0 2 0 0 0 2 0 0 0 0 0 0 0
0 5 19 0 4 5 5 1 0 3 1 0 0 0
0 0 3 0 0 0 2 0 0 0 0 0 0 0
0 1 4 0 1 1 4 0 0 0 0 0 0 0
0 1 6 0 1 1 2 0 0 0 0 0 0 0
1 2 33 0 1 2 26 1 0 5 1 0 0 0
0 5 14 0 3 5 4 2 0 3 1 0 0 0
0 0 1 0 0 0 1 0 0 0 0 0 0 0
0 0 2 0 0 0 0 0 0 0 0 0 0 0
0 0 1 0 0 0 0 0 0 0 0 0 0 0
2 2 13 0 1 2 21 1 0 1 0 0 0 0
1 2 15 0 1 2 15 1 0 8 1 0 0 1
0 1 15 1 1 1 7 0 0 8 1 0 0 1
0 2 4 0 1 0 10 1 0 0 0 0 0 0
1 4 20 0 1 2 11 3 0 6 0 0 0 0
0 1 5 0 1 1 1 0 0 0 0 0 0 0
0 0 2 0 0 0 0 0 0 0 0 0 0 0
0 2 8 0 1 1 8 0 1 0 0 0 0 0
0 6 22 3 3 4 18 3 0 11 1 4 2 0
20 7 26 0 3 5 28 3 1 8 1 4 1 0
0 1 16 0 1 1 26 0 0 0 0 0 0 0
0 0 1 0 0 0 1 0 0 0 0 0 0 0
1 5 17 0 3 4 16 2 0 14 1 4 1 1
0 0 1 0 0 0 1 0 0 0 0 0 0 0
0 3 11 0 1 3 15 2 0 0 0 0 0 0
0 2 21 1 2 3 1 0 0 0 0 0 0 0
0 3 33 0 1 7 187 2 0 9 1 2 1 0
1 3 12 0 1 3 16 2 0 0 0 0 0 1
0 0 7 0 0 0 10 0 0 0 0 0 0 0
1 2 5 0 2 2 6 0 0 0 0 0 0 0
0 1 14 0 1 1 8 0 0 0 0 0 0 0
0 0 2 0 0 0 1 0 0 0 0 0 0 0
0 0 3 0 0 0 2 0 0 0 0 0 0 0
0 1 8 1 1 3 4 0 0 0 0 0 0 0
27 14 75 12 4 10 117 10 0 13 1 5 1 6
0 0 1 0 0 0 0 0 0 0 0 0 0 0
1 3 9 0 1 2 7 1 1 0 0 0 0 0
0 3 8 0 1 3 7 2 0 0 0 0 0 0
0 1 3 0 1 1 2 0 0 0 0 0 0 0
0 0 3 0 0 0 6 0 0 0 0 0 0 0
0 0 0 0 0 0 0 0 0 0 0 0 0 0
0 0 3 0 0 0 3 0 0 0 0 0 0 0
0 2 8 0 1 2 12 1 0 1 0 0 0 0
0 1 5 0 1 1 5 0 0 0 0 0 0 0
0 1 8 0 1 1 9 0 0 0 0 0 0 0
3 4 17 1 1 3 26 3 0 1 0 0 0 1
0 0 1 0 0 0 1 0 0 0 0 0 0 0
2 8 46 0 3 5 47 3 2 7 1 2 1 1
0 4 14 0 1 2 13 1 2 0 0 0 0 0
0 1 7 0 0 1 8 1 0 0 0 0 0 0
0 0 7 0 0 0 10 0 0 0 0 0 0 0
1 2 10 0 1 2 7 1 0 0 0 0 0 0
2 1 28 0 1 1 12 0 0 0 0 0 0 1
1 13 18 0 3 6 30 10 0 2 1 0 0 0
0 2 16 2 2 2 3 0 0 0 0 0 0 0
0 2 8 0 1 2 7 1 0 0 0 0 0 0
0 1 4 0 1 1 3 0 0 0 0 0 0 0
0 1 3 0 1 1 1 0 0 0 0 0 0 0
0 1 7 0 1 1 9 0 0 1 0 0 0 0
4 4 16 0 2 4 15 1 1 5 1 0 0 0
11 7 13 3 2 6 28 4 1 0 0 0 0 1
0 0 3 0 0 0 1 0 0 0 0 0 0 0
0 1 6 0 1 1 1 0 0 0 0 0 0 0
0 1 7 2 1 1 9 0 0 6 0 0 0 0
0 3 6 0 1 1 3 2 0 0 0 0 0 0
0 4 9 0 3 4 6 1 0 8 1 0 0 0
0 0 4 0 0 0 3 0 0 0 0 0 0 0
1 3 70 2 2 2 69 1 0 9 2 1 1 4
0 1 6 0 1 1 1 0 0 0 0 0 0 0
0 1 4 0 1 1 5 0 0 0 0 0 0 0
0 3 11 0 1 2 19 2 0 0 0 0 0 0
0 3 10 0 2 3 10 1 0 3 1 0 0 0
0 0 0 0 0 0 1 0 0 0 0 0 0 0
0 0 3 0 0 0 5 0 0 0 0 0 0 0
0 1 4 0 1 1 8 0 0 0 0 0 0 0
0 2 6 0 1 2 8 1 0 0 0 0 0 0
0 3 19 0 1 2 20 1 1 0 0 0 0 2
0 0 3 0 0 0 4 0 0 0 0 0 0 0
2 3 13 0 2 3 11 1 0 8 1 0 0 0
0 2 9 0 1 2 2 1 0 3 1 0 0 0
0 5 10 0 1 3 23 4 0 0 0 0 0 0
15 5 27 0 2 4 22 2 1 0 0 0 0 1
0 0 2 0 0 0 0 0 0 0 0 0 0 0
1 14 49 4 3 13 90 10 1 4 1 3 1 0
0 0 6 0 0 0 4 0 0 0 0 0 0 0
0 1 11 0 0 2 13 1 0 0 0 0 0 0
0 0 1 0 0 0 3 0 0 0 0 0 0 0
0 6 14 0 4 6 43 2 0 4 1 2 1 0
3 6 23 2 3 5 24 3 0 2 1 1 1 4
0 0 5 0 0 0 3 0 0 0 0 0 0 0
0 1 10 0 1 1 3 0 0 5 0 0 0 0
0 2 8 0 1 1 14 1 0 0 0 0 0 0
0 1 6 0 1 1 8 0 0 0 0 0 0 0
0 5 23 2 2 5 19 3 0 4 1 3 1 0
0 5 31 0 3 2 17 2 0 6 1 2 1 0
0 1 5 0 1 1 7 0 0 0 0 0 0 0
0 1 8 0 1 1 8 0 0 0 0 0 0 0
0 6 27 0 3 4 27 1 2 7 1 2 1 0
0 0 2 0 0 0 5 0 0 0 0 0 0 0
0 0 4 0 0 0 3 0 0 0 0 0 0 0
4 6 27 0 3 4 21 2 1 5 1 4 1 1
0 0 5 0 0 0 2 0 0 0 0 0 0 0
0 2 10 0 1 2 8 1 0 0 0 0 0 0
0 0 5 1 0 0 3 0 0 0 0 0 0 0
0 0 2 0 0 0 3 0 0 6 0 0 0 0
0 1 10 1 1 1 12 0 0 0 0 0 0 0
0 0 6 0 0 0 3 0 0 0 0 0 0 0
0 2 6 0 1 2 5 1 0 0 0 0 0 0
0 2 13 0 1 2 13 1 0 0 0 0 0 0
0 0 5 0 0 0 6 0 0 0 0 0 0 0
0 0 4 0 0 0 3 0 0 0 0 0 0 0
0 5 35 0 3 4 42 1 1 20 1 7 3 3
0 2 6 0 1 2 7 1 0 16 1 0 0 0
0 1 4 0 1 1 3 0 0 0 0 0 0 0
0 0 0 0 0 0 0 0 0 0 0 0 0 0
0 0 1 0 0 0 1 0 0 0 0 0 0 0
0 4 14 0 3 4 4 1 0 2 1 2 1 0
0 0 2 0 0 0 1 0 0 0 0 0 0 0
0 0 2 0 0 0 2 0 0 0 0 0 0 0
0 0 1 0 0 0 3 0 0 0 0 0 0 0
0 2 5 0 1 2 4 1 0 0 0 0 0 0
0 1 11 0 1 1 5 0 0 0 0 0 0 0
0 1 5 0 0 1 4 1 0 0 0 0 0 0
0 5 15 0 3 5 6 2 0 12 1 1 1 0
0 1 4 0 1 1 1 0 0 0 0 0 0 3
0 4 8 1 1 2 15 1 2 0 0 0 0 0
0 0 6 0 0 0 2 0 0 0 0 0 0 0
0 0 3 0 0 0 1 0 0 0 0 0 0 0
0 0 0 0 0 0 0 0 0 0 0 0 0 0
0 2 6 0 1 2 17 1 0 0 0 0 0 0
0 3 15 3 1 1 10 2 0 1 0 0 0 0
0 0 1 0 0 0 1 0 0 0 0 0 0 0
0 2 13 0 1 2 13 1 0 1 0 0 0 1
0 5 13 0 3 5 10 2 0 3 1 2 1 0
2 3 20 3 1 1 18 1 1 2 0 0 0 0
0 0 2 0 0 0 2 0 0 1 0 0 0 0
1 5 19 0 3 4 13 1 1 5 1 6 3 0
0 3 12 0 2 3 7 1 0 2 0 0 0 0
0 0 1 0 0 0 1 0 0 0 0 0 0 0
0 1 5 0 1 1 1 0 0 0 0 0 0 0
0 4 9 0 1 2 11 3 0 0 0 0 0 0
1 2 47 2 2 3 6 0 0 3 0 6 1 0
0 2 18 0 1 1 13 1 0 0 0 0 0 0
0 0 0 0 0 0 0 0 0 0 0 0 0 0
0 3 13 0 1 2 8 2 0 7 1 0 0 1
0 3 8 0 1 3 12 2 0 0 0 0 0 0
0 0 1 0 0 0 0 0 0 0 0 0 0 0
0 0 0 0 0 0 0 0 0 0 0 0 0 0
0 2 4 0 1 2 4 1 0 0 0 0 0 0
0 1 12 0 1 1 7 0 0 0 0 0 0 0
0 3 13 0 1 3 20 2 0 1 0 2 1 0
0 3 8 0 1 2 11 2 0 0 0 0 0 0
0 3 19 4 1 3 18 2 0 0 0 0 0 0
1 2 15 3 1 2 27 1 0 9 1 0 0 0
0 0 1 0 0 0 3 0 0 0 0 0 0 0
2 8 18 0 2 6 23 6 0 9 1 3 1 0
0 2 16 0 1 2 24 1 0 0 0 0 0 0
0 3 11 0 1 2 9 2 0 0 0 0 0 0
0 1 2 0 1 1 1 0 0 0 0 0 0 0
0 0 1 0 0 0 1 0 0 0 0 0 0 0
0 1 5 0 0 1 10 1 0 0 0 0 0 0
0 0 1 0 0 0 1 0 0 0 0 0 0 0
0 4 16 0 3 4 10 1 0 6 1 3 1 0
0 0 2 0 0 0 0 0 0 0 0 0 0 0
0 2 11 0 1 2 5 1 0 8 1 0 0 0
0 0 0 0 0 0 0 0 0 0 0 0 0 0
0 3 9 0 1 2 5 2 0 0 0 0 0 0
0 1 8 0 1 1 0 0 0 0 0 0 0 0
0 1 5 0 1 1 10 0 0 0 0 0 0 0
0 0 5 0 0 0 2 0 0 0 0 0 0 0
0 1 5 0 1 1 11 0 0 0 0 0 0 0
3 5 19 0 3 4 23 1 1 13 1 3 1 2
0 0 2 0 0 0 5 0 0 0 0 0 0 0
5 9 18 0 4 5 29 5 0 4 1 3 1 0
0 0 5 0 0 0 4 0 0 0 0 0 0 0
2 6 20 0 4 5 14 2 0 10 1 3 1 0
0 0 1 0 0 0 0 0 0 0 0 0 0 0
0 3 7 0 1 2 8 1 1 0 0 0 0 0
0 2 7 0 1 1 24 1 0 0 0 0 0 0
0 0 4 0 0 0 4 0 0 0 0 0 0 0
0 2 15 0 1 2 11 1 0 0 0 0 0 0
0 0 1 0 0 0 1 0 0 0 0 0 0 2
0 0 1 0 0 0 0 0 0 0 0 0 0 0
0 2 9 0 1 1 8 0 1 0 0 0 0 0
0 4 17 2 1 2 20 3 0 0 0 0 0 0
0 9 7 0 2 3 15 7 0 2 1 0 0 0
0 0 4 0 0 0 5 0 0 0 0 0 0 0
0 5 21 0 3 5 19 2 0 11 1 4 2 0
0 2 10 0 1 2 7 1 0 0 0 0 0 0
1 0 1 0 0 0 1 0 0 0 0 0 0 0
0 2 7 0 1 2 5 1 0 0 0 0 0 0
0 2 6 0 1 2 6 1 0 0 0 0 0 0
2 2 11 0 1 1 8 1 0 1 0 2 2 1
1 0 3 0 0 0 1 0 0 0 0 0 0 0
2 0 9 0 0 0 4 0 0 3 0 0 0 0
0 0 0 0 0 0 2 0 0 0 0 0 0 0
0 2 6 0 2 2 2 0 0 3 1 0 0 0
1 2 5 0 1 2 5 1 0 0 0 0 0 0
0 0 2 0 0 0 4 0 0 0 0 0 0 0
0 0 1 0 0 0 1 0 0 0 0 0 0 0
1 9 82 2 5 7 64 4 0 5 1 2 1 1
0 0 4 0 0 0 6 0 0 0 0 0 0 0
0 1 6 0 0 1 6 1 0 0 0 0 0 0
0 0 4 0 0 0 6 0 0 0 0 0 0 0
0 0 14 0 0 0 12 0 0 0 0 0 0 0
0 2 12 0 1 1 3 1 0 0 0 0 0 0
1 1 1 0 0 1 2 1 0 0 0 0 0 0
0 2 4 0 1 2 2 1 0 0 0 0 0 0
0 2 13 0 1 2 13 1 0 0 0 0 0 0
0 3 5 0 1 2 9 2 0 0 0 0 0 0
0 5 20 0 3 5 18 2 0 3 1 2 1 0
0 2 10 0 1 1 5 1 0 0 0 0 0 3
0 0 10 0 0 0 1 0 0 0 0 0 0 0
0 2 20 9 1 2 17 1 0 14 1 0 0 0
0 0 10 0 0 0 6 0 0 0 0 0 0 0
0 0 6 0 0 0 38 0 0 1 0 0 0 0
0 0 0 0 0 0 0 0 0 0 0 0 0 0
0 0 2 0 0 0 1 0 0 0 0 0 0 0
0 0 2 0 0 0 2 0 0 0 0 0 0 0
0 3 9 0 1 2 17 2 0 4 1 0 0 0
0 2 6 0 1 2 7 1 0 0 0 0 0 0
1 6 19 4 1 2 31 3 2 0 0 0 0 0
0 0 0 0 0 0 0 0 0 0 0 0 0 0
0 0 5 0 0 0 6 0 0 0 0 0 0 0
0 6 19 0 3 6 22 3 0 4 1 2 1 0
0 2 13 0 1 2 11 1 0 8 1 0 0 1
0 0 4 0 0 0 4 0 0 0 0 0 0 0
0 0 3 0 0 0 1 0 0 0 0 0 0 0
2 4 24 0 2 4 50 2 0 5 1 7 2 0
5 5 15 8 3 3 9 2 0 7 1 2 1 2
0 1 2 0 1 0 0 0 0 0 0 0 0 0
0 3 12 4 1 2 14 1 1 0 0 0 0 0
0 1 8 0 1 1 4 0 0 0 0 0 0 0
0 0 5 0 0 0 7 0 0 0 0 0 0 0
0 0 2 0 0 0 7 0 0 0 0 0 0 0
1 2 9 0 1 2 11 1 0 5 1 0 0 0
1 1 5 0 1 0 8 0 0 0 0 0 0 0
0 1 6 0 1 1 5 0 0 0 0 0 0 0
0 0 2 0 0 0 4 0 0 0 0 0 0 0
0 2 5 0 1 1 2 1 0 0 0 0 0 0
1 3 13 0 1 2 27 2 0 5 1 3 1 0
0 0 2 0 0 0 1 0 0 0 0 0 0 0
0 0 3 0 0 0 2 0 0 0 0 0 0 0
0 2 10 1 1 2 12 1 0 0 0 0 0 0
0 0 1 0 0 0 0 0 0 0 0 0 0 0
0 2 2 0 1 2 2 1 0 0 0 0 0 0
0 0 1 0 0 0 0 0 0 0 0 0 0 0
0 2 4 0 1 2 11 1 0 0 0 0 0 0
0 0 6 0 0 0 9 0 0 0 0 0 0 0
0 1 3 0 0 1 7 1 0 0 0 0 0 0
0 0 0 0 0 0 0 0 0 0 0 0 0 0
0 0 3 1 0 0 1 0 0 0 0 0 0 0
1 4 10 0 2 4 9 2 0 4 1 3 1 0
0 0 2 0 0 0 2 0 0 0 0 0 0 0
0 0 3 0 0 0 2 0 0 0 0 0 0 0
0 2 7 0 1 1 6 0 1 0 0 0 0 0
0 0 2 0 0 0 2 0 0 0 0 0 0 0
0 0 1 0 0 0 2 0 0 0 0 0 0 0
1 4 11 0 3 4 5 1 0 2 1 0 0 0
0 0 5 0 0 0 5 0 0 0 0 0 0 0
0 4 7 0 3 4 2 1 0 2 1 0 0 0
0 0 1 0 0 0 3 0 0 0 0 0 0 0
0 0 1 0 0 0 0 0 0 0 0 0 0 0
1 0 5 0 0 0 5 0 0 0 0 0 0 0
0 0 0 0 0 0 0 0 0 0 0 0 0 0
1 0 4 0 0 0 3 0 0 0 0 0 0 0
4 2 14 0 1 2 15 1 0 16 1 0 0 0
3 2 22 0 2 2 7 0 0 0 0 0 0 0
0 1 9 0 1 1 12 0 0 0 0 0 0 0
0 0 0 0 0 0 0 0 0 0 0 0 0 0
0 0 4 0 0 0 0 0 0 0 0 0 0 0
2 4 21 0 3 4 18 1 0 5 1 3 1 0
0 0 6 0 0 0 1 0 0 0 0 0 0 0
0 0 2 0 0 0 1 0 0 0 0 0 0 0
0 0 2 0 0 0 1 0 0 0 0 0 0 0
0 0 2 0 0 0 1 0 0 0 0 0 0 0
0 3 9 0 1 3 13 2 0 1 0 0 0 1
0 8 17 1 3 7 22 5 0 5 1 2 1 0
0 4 5 0 2 3 8 1 1 0 0 0 0 0
2 3 8 0 1 2 9 2 0 11 1 0 0 0
1 3 17 0 1 2 9 2 0 2 1 4 1 0
0 3 9 0 1 2 9 1 1 0 0 1 1 0
0 9 18 0 3 6 24 6 0 2 1 2 1 0
0 3 17 2 1 3 11 2 0 0 0 0 0 0
1 3 17 0 3 3 5 0 0 0 0 0 0 0
1 1 9 0 1 1 1 0 0 0 0 0 0 0
0 1 4 0 1 1 1 0 0 0 0 0 0 0
0 0 2 0 0 0 0 0 0 0 0 0 0 0
0 0 8 0 0 0 6 0 0 0 0 0 0 0
0 2 5 0 1 1 2 1 0 0 0 0 0 0
1 0 2 0 0 0 6 0 0 0 0 0 0 0
0 5 11 0 3 4 4 2 0 9 1 1 1 0
0 2 2 0 1 2 2 1 0 0 0 0 0 0
0 4 22 0 2 4 6 2 0 4 1 0 0 0
0 4 14 0 3 4 5 1 0 5 1 0 0 0
0 1 5 0 1 1 4 0 0 2 0 1 1 0
0 1 5 0 1 1 0 0 0 0 0 0 0 0
1 1 11 0 1 1 6 0 0 2 1 0 0 0
0 2 7 0 1 2 8 1 0 0 0 0 0 0
0 4 23 0 2 4 33 2 0 6 1 3 1 0
0 4 12 0 3 4 12 1 0 6 1 2 1 0
2 1 6 0 1 1 3 0 0 0 0 0 0 0
1 0 2 0 0 0 1 0 0 0 0 0 0 0
0 0 4 0 0 0 3 0 0 0 0 0 0 0
1 0 21 0 0 0 0 0 0 3 0 0 0 0
0 0 8 0 0 0 6 0 0 4 0 0 0 0
0 0 2 0 0 0 7 0 0 0 0 0 0 0
0 1 14 0 1 1 12 0 0 0 0 0 0 0
0 3 13 0 2 3 9 1 0 6 1 0 0 0
0 0 3 0 0 0 2 0 0 0 0 0 0 0
0 2 5 0 1 2 4 1 0 0 0 0 0 0
3 6 29 0 4 4 109 2 0 4 2 3 1 1
0 0 1 0 0 0 1 0 0 0 0 0 0 0
0 0 5 0 0 0 2 0 0 0 0 0 0 0
1 2 10 0 1 2 16 1 0 15 2 0 0 0
1 1 3 0 1 1 0 0 0 0 0 0 0 0
0 2 9 0 1 2 8 1 0 0 0 0 0 0
0 0 3 0 0 0 3 0 0 0 0 0 0 0
0 2 5 0 1 2 5 1 0 0 0 0 0 0
0 2 11 0 1 2 13 1 0 0 0 0 0 0
26 8 51 0 4 7 37 4 0 9 1 5 1 2
0 5 17 0 4 5 4 1 0 4 1 0 0 0
0 4 7 0 3 3 2 1 0 4 2 0 0 0
0 2 30 1 1 2 5 1 0 0 0 0 0 0
0 2 3 0 1 2 2 1 0 0 0 0 0 0
0 7 35 0 5 7 4 2 0 3 1 0 0 0
0 0 2 0 0 0 4 0 0 0 0 0 0 0
3 1 4 0 1 1 3 0 0 0 0 0 0 0
0 0 4 0 0 0 0 0 0 0 0 0 0 0
0 2 3 0 1 2 2 1 0 0 0 0 0 0
2 1 8 0 1 1 6 0 0 0 0 0 0 0
0 1 12 0 1 1 3 0 0 3 1 10 2 2
0 2 28 1 1 2 22 1 0 0 0 0 0 0
0 0 1 0 0 0 1 0 0 0 0 0 0 0
0 0 0 0 0 0 0 0 0 0 0 0 0 0
0 1 10 0 1 1 7 0 0 0 0 0 0 0
0 1 7 0 1 1 9 0 0 0 0 0 0 0
3 5 39 1 3 4 55 2 0 23 1 1 1 0
0 1 5 0 1 1 1 0 0 0 0 0 0 2
0 0 1 0 0 0 0 0 0 0 0 0 0 0
0 2 7 0 1 1 16 0 1 0 0 0 0 0
0 3 3 0 1 2 6 1 1 0 0 0 0 0
1 0 9 0 0 0 7 0 0 8 1 0 0 0
0 0 1 0 0 0 0 0 0 0 0 0 0 0
0 5 17 0 2 3 39 2 1 2 1 4 2 0
0 1 6 0 1 1 7 0 0 0 0 0 0 0
0 0 1 0 0 0 1 0 0 0 0 0 0 0
0 0 4 0 0 0 2 0 0 0 0 0 0 0
0 4 14 0 3 3 9 1 0 8 1 6 3 1
2 0 0 0 0 0 0 0 0 0 0 0 0 0
0 0 2 0 0 0 2 0 0 0 0 0 0 0
2 10 26 6 4 8 21 4 2 9 2 5 2 0
0 1 7 0 1 1 5 0 0 0 0 0 0 0
0 6 15 0 4 5 15 1 1 3 1 2 1 0
0 0 4 0 0 0 4 0 0 0 0 0 0 0
0 0 2 0 0 0 0 0 0 0 0 0 0 0
1 2 6 0 1 1 2 1 0 0 0 0 0 0
0 0 2 0 0 0 6 0 0 0 0 0 0 0
0 0 2 0 0 0 0 0 0 0 0 0 0 0
0 2 4 0 1 1 3 1 0 0 0 0 0 0
0 1 3 0 1 1 1 0 0 0 0 0 0 0
1 13 35 4 2 10 55 11 0 3 1 3 1 0
2 2 6 0 1 2 3 1 0 0 0 0 0 0
3 1 26 2 1 1 12 0 0 6 1 0 0 0
0 0 2 0 0 0 0 0 0 0 0 0 0 0
0 8 17 0 3 5 23 2 3 3 2 2 1 1
1 2 7 0 1 2 17 1 0 19 1 0 0 0
0 0 6 0 0 0 8 0 0 0 0 0 0 0
0 0 1 0 0 0 2 0 0 0 0 0 0 0
2 14 17 0 4 5 26 7 3 5 1 4 2 0
0 0 3 0 0 0 0 0 0 0 0 0 0 0
0 0 3 0 0 0 0 0 0 0 0 0 0 0
0 5 15 0 1 9 22 2 2 8 1 2 1 0
0 2 7 0 1 2 12 1 0 0 0 0 0 0
0 0 0 0 0 0 0 0 0 0 0 0 0 0
0 9 6 0 1 1 12 6 2 0 0 0 0 0
0 1 9 0 1 1 7 0 0 0 0 0 0 1
0 0 1 0 0 0 4 0 0 3 0 0 0 0
0 0 13 0 0 0 0 0 0 0 0 0 0 0
1 0 5 0 0 0 0 0 0 0 0 0 0 0
0 0 1 0 0 0 0 0 0 0 0 0 0 0
0 2 15 0 1 1 16 1 0 5 0 0 0 0
0 0 6 0 0 0 7 0 0 0 0 0 0 0
0 1 2 0 1 1 2 0 0 0 0 0 0 0
0 1 3 0 1 1 7 0 0 0 0 0 0 0
2 1 6 0 1 1 7 0 0 0 0 0 0 0
0 0 2 0 0 0 1 0 0 0 0 0 0 0
0 0 0 0 0 0 0 0 0 0 0 0 0 0
0 0 0 0 0 0 0 0 0 0 0 0 0 0
1 6 14 0 3 5 10 3 0 3 1 1 1 0
0 0 5 0 0 0 7 0 0 0 0 0 0 0
0 2 6 0 1 2 6 1 0 0 0 0 0 0
0 2 10 0 2 2 15 0 0 0 0 0 0 0
0 0 7 0 0 0 6 0 0 1 1 0 0 0
0 0 2 0 0 0 0 0 0 0 0 0 0 1
0 2 6 0 1 2 8 1 0 0 0 0 0 0
2 0 7 0 0 0 0 0 0 1 0 5 2 2
0 1 7 0 1 1 4 0 0 0 0 0 0 0
0 0 3 0 0 0 4 0 0 0 0 0 0 0
0 3 25 0 1 3 18 2 0 0 0 0 0 1
0 0 0 0 0 0 0 0 0 0 0 0 0 0
0 0 2 0 0 0 0 0 0 0 0 0 0 0
0 0 2 0 0 0 0 0 0 0 0 0 0 2
0 4 9 1 2 4 11 2 0 6 1 3 1 0
0 0 0 0 0 0 0 0 0 0 0 0 0 0
0 0 2 0 0 0 1 0 0 0 0 0 0 0
0 0 0 0 0 0 0 0 0 0 0 0 0 0
0 0 2 0 0 0 0 0 0 0 0 0 0 0
0 0 0 0 0 0 0 0 0 0 0 0 0 0
1 2 16 0 1 1 11 1 0 0 0 0 0 0
0 0 2 0 0 0 1 0 0 0 0 0 0 0
1 3 6 0 2 2 9 1 0 0 0 0 0 0
0 0 0 0 0 0 0 0 0 0 0 0 0 0
0 1 3 0 1 1 0 0 0 0 0 0 0 0
0 2 8 0 1 2 5 1 0 1 0 2 1 0
0 0 0 0 0 0 0 0 0 0 0 0 0 0
0 1 2 0 1 1 3 0 0 0 0 0 0 0
1 0 1 0 0 0 0 0 0 0 0 0 0 0
0 0 1 0 0 0 3 0 0 0 0 0 0 0
0 0 2 0 0 0 1 0 0 0 0 0 0 0
1 6 19 0 2 5 32 2 2 2 1 0 0 0
0 2 5 0 1 2 11 1 0 0 0 0 0 0
0 1 9 0 1 1 5 0 0 0 0 0 0 0
0 5 40 3 3 6 31 2 0 10 1 4 1 0
0 0 8 0 0 0 6 0 0 0 0 0 0 0
0 4 11 0 2 4 10 2 0 7 1 1 1 0
0 6 14 0 1 4 24 4 1 3 0 2 1 0
0 1 7 0 1 1 5 0 0 0 0 0 0 0
0 0 2 0 0 0 2 0 0 0 0 0 0 0
0 0 4 0 0 0 4 0 0 0 0 0 0 0
0 2 5 0 1 1 2 0 1 10 1 0 0 0
1 2 8 0 1 2 11 1 0 3 1 0 0 0
0 4 7 0 1 1 14 3 0 3 1 1 1 0
1 2 8 0 1 2 14 1 0 0 0 0 0 1
0 2 5 0 1 2 3 1 0 0 0 0 0 3
0 1 1 0 0 1 2 1 0 0 0 0 0 0
0 2 5 0 1 2 2 1 0 0 0 0 0 0
0 2 5 0 1 2 2 1 0 0 0 0 0 0
0 2 6 6 1 2 10 1 0 7 1 0 0 0
0 3 9 0 1 2 15 2 0 2 0 0 0 0
0 0 0 0 0 0 0 0 0 0 0 0 0 0
0 0 1 0 0 0 0 0 0 0 0 0 0 0
0 1 5 0 1 0 2 0 0 0 0 0 0 0
1 2 7 0 1 0 25 1 0 3 1 0 0 0
0 0 1 0 0 0 0 0 0 0 0 0 0 0
0 0 2 0 0 0 3 0 0 0 0 0 0 0
0 1 7 0 1 1 6 0 0 0 0 0 0 0
0 0 0 0 0 0 0 0 0 0 0 0 0 0
0 0 0 0 0 0 0 0 0 0 0 0 0 0
0 7 15 1 3 5 10 4 0 3 1 4 2 0
0 5 48 0 3 5 22 2 0 9 1 2 1 0
1 4 17 9 2 4 24 2 0 13 1 1 1 0
0 0 0 0 0 0 0 0 0 0 0 0 0 0
1 2 12 0 1 2 21 1 0 4 1 3 1 0
2 0 4 0 0 0 7 0 0 0 0 0 0 0
0 0 2 0 0 0 2 0 0 0 0 0 0 0
0 2 14 0 1 2 37 1 0 0 0 0 0 0
0 2 2 0 1 2 2 1 0 0 0 0 0 0
0 4 10 0 3 4 13 1 0 4 1 2 1 1
0 0 3 0 0 0 2 0 0 0 0 0 0 1
0 6 9 0 3 6 6 3 0 2 1 2 1 0
0 1 7 0 1 0 8 0 0 0 0 0 0 0
1 6 29 2 2 5 46 4 0 13 1 0 0 0
1 0 1 0 0 0 1 0 0 0 0 0 0 0
0 2 4 0 1 2 4 1 0 0 0 0 0 0
0 0 3 0 0 0 0 0 0 0 0 0 0 0
0 3 11 0 1 3 11 2 0 0 0 0 0 0
1 1 5 0 0 1 7 1 0 0 0 0 0 0
0 0 3 0 0 0 8 0 0 1 0 0 0 0
0 6 33 0 3 5 30 2 1 7 1 2 1 0
0 8 21 0 4 7 17 4 0 2 1 2 1 1
0 2 6 0 1 1 4 1 0 5 1 0 0 0
0 2 7 0 1 2 8 1 0 0 0 0 0 0
1 9 19 2 3 6 29 6 0 9 1 4 2 0
0 2 6 0 1 2 5 1 0 0 0 0 0 0
0 2 6 0 1 1 5 1 0 0 0 0 0 0
0 3 8 0 1 2 7 2 0 0 0 0 0 0
0 3 4 0 1 3 6 2 0 0 0 0 0 0
0 0 1 0 0 0 0 0 0 0 0 0 0 0
0 0 2 0 0 0 4 0 0 0 0 0 0 0
0 2 3 0 1 1 4 0 1 0 0 0 0 0
0 2 9 0 1 1 14 1 0 0 0 0 0 0
0 0 2 0 0 0 1 0 0 0 0 0 0 0
0 4 15 0 2 4 12 2 0 6 1 1 1 0
0 6 17 0 4 5 18 1 1 5 1 3 1 0
1 4 41 0 2 4 53 2 0 7 1 3 1 2
7 0 7 0 0 0 7 0 0 1 0 0 0 1
0 2 12 0 1 0 8 1 0 9 1 2 1 1
0 0 2 0 0 0 2 0 0 0 0 0 0 0
0 2 18 0 1 1 19 1 0 0 0 0 0 3
0 1 7 0 1 1 7 0 0 0 0 0 0 0
0 1 10 0 1 1 5 0 0 0 0 0 0 1
1 8 25 1 3 5 32 5 0 12 1 7 3 0
0 1 5 0 1 1 2 0 0 0 0 0 0 0
1 0 4 0 0 0 8 0 0 0 0 0 0 0
0 0 1 0 0 0 0 0 0 0 0 0 0 1
0 2 5 0 1 2 10 1 0 0 0 0 0 0
1 2 11 0 2 2 3 0 0 1 0 0 0 0
0 0 0 0 0 0 0 0 0 0 0 0 0 0
0 0 1 0 0 0 1 0 0 0 0 0 0 0
0 6 20 0 4 6 17 2 0 4 1 2 1 0
0 1 7 0 1 1 3 0 0 0 0 0 0 0
1 0 3 0 0 0 2 0 0 0 0 0 0 0
0 0 1 0 0 0 1 0 0 0 0 0 0 1
0 0 3 0 0 0 3 0 0 0 0 0 0 2
0 0 1 0 0 0 1 0 0 0 0 0 0 0
0 0 0 0 0 0 0 0 0 0 0 0 0 0
0 1 4 0 1 1 0 0 0 0 0 0 0 0
2 4 16 0 3 4 14 1 0 4 1 4 1 0
0 1 4 0 1 1 1 0 0 0 0 0 0 0
0 5 20 0 2 3 24 3 0 8 1 0 0 2
0 2 16 0 1 2 16 1 0 3 1 0 0 1
1 4 9 0 2 3 9 2 0 4 1 4 1 0
0 0 2 0 0 0 4 0 0 0 0 0 0 0
1 3 14 0 2 3 14 1 0 0 0 0 0 2
0 1 5 0 1 1 0 0 0 0 0 0 0 0
0 0 2 0 0 0 6 0 0 0 0 0 0 0
0 0 2 0 0 0 0 0 0 0 0 0 0 0
0 0 0 0 0 0 0 0 0 0 0 0 0 0
1 1 7 0 1 1 5 0 0 0 0 0 0 0
0 0 1 0 0 0 0 0 0 0 0 0 0 0
0 0 5 0 0 0 5 0 0 4 0 0 0 0
0 2 8 0 1 1 10 0 1 0 0 0 0 0
0 2 6 0 1 2 6 1 0 0 0 0 0 0
0 0 1 0 0 0 1 0 0 0 0 0 0 0
0 0 2 0 0 0 0 0 0 0 0 0 0 0
0 3 6 6 1 1 17 1 1 0 0 0 0 0
0 0 6 0 0 0 1 0 0 0 0 0 0 0
0 0 2 0 0 0 0 0 0 0 0 0 0 0
0 2 5 0 1 2 7 1 0 1 0 0 0 0
0 7 25 0 3 5 29 4 0 14 1 3 1 1
0 2 22 0 1 2 38 1 0 8 2 4 1 1
0 0 3 0 0 0 3 0 0 0 0 0 0 0
0 1 3 0 1 1 1 0 0 0 0 0 0 0
0 2 9 0 1 2 5 1 0 0 0 1 1 0
0 1 15 0 1 1 6 0 0 0 0 0 0 1
0 4 14 0 1 2 13 1 2 0 0 0 0 0
0 0 5 0 0 0 3 0 0 0 0 0 0 0
0 0 2 0 0 0 1 0 0 0 0 0 0 0
0 0 1 0 0 0 0 0 0 0 0 0 0 0
0 0 1 0 0 0 0 0 0 0 0 0 0 0
0 1 4 0 1 1 4 0 0 0 0 0 0 0
0 0 0 0 0 0 0 0 0 0 0 0 0 0
0 2 5 0 1 2 4 1 0 0 0 0 0 0
0 0 3 0 0 0 0 0 0 0 0 0 0 0
0 0 4 0 0 0 2 0 0 0 0 0 0 0
0 0 1 0 0 0 0 0 0 0 0 0 0 0
0 0 2 0 0 0 1 0 0 0 0 0 0 0
1 0 2 0 0 0 4 0 0 0 0 0 0 0
0 0 1 0 0 0 0 0 0 0 0 0 0 0
0 0 0 0 0 0 0 0 0 0 0 0 0 0
0 0 10 0 0 0 31 0 0 0 0 2 1 1
7 5 25 0 2 5 19 3 0 7 1 2 1 0
0 0 3 0 0 0 0 0 0 0 0 0 0 0
0 0 6 0 0 0 3 0 0 0 0 0 0 0
0 2 10 0 1 2 9 1 0 0 0 0 0 0
0 0 9 0 0 0 2 0 0 0 0 0 0 0
0 1 10 0 1 1 5 0 0 0 0 0 0 0
0 0 2 0 0 0 2 0 0 0 0 0 0 0
0 2 9 0 1 2 7 1 0 0 0 0 0 0
0 0 2 0 0 0 0 0 0 0 0 0 0 0
0 8 19 0 4 9 16 4 0 4 1 0 0 0
0 0 2 0 0 0 1 0 0 0 0 0 0 0
2 5 27 0 3 5 7 2 0 5 1 3 3 1
0 0 1 0 0 0 0 0 0 0 0 0 0 0
0 0 2 0 0 0 4 0 0 0 0 0 0 1
0 2 6 0 1 2 6 1 0 2 1 0 0 0
0 1 2 0 1 1 2 0 0 0 0 0 0 0
0 0 3 0 0 0 8 0 0 0 0 0 0 0
1 5 14 0 2 5 15 3 0 2 1 4 1 0
6 16 77 0 7 18 75 9 0 3 1 7 2 1
0 1 4 0 1 1 0 0 0 0 0 0 0 0
0 2 12 0 1 2 5 1 0 1 0 0 0 1
0 0 2 0 0 0 1 0 0 0 0 0 0 0
0 0 5 0 0 0 0 0 0 0 0 0 0 0
1 6 25 0 5 6 6 1 0 9 1 2 1 0
4 6 27 0 2 4 46 4 0 9 1 15 4 1
0 2 4 0 1 2 7 1 0 0 0 0 0 0
2 11 26 0 5 5 11 5 1 7 1 2 1 2
0 0 3 0 0 0 5 0 0 0 0 0 0 0
0 0 1 0 0 0 0 0 0 0 0 0 0 0
0 0 9 0 0 0 1 0 0 0 0 0 0 0
0 0 1 0 0 0 3 0 0 0 0 0 0 0
0 2 7 0 1 3 4 1 0 0 0 0 0 0
1 4 26 1 3 0 32 1 0 6 1 7 1 0
0 1 4 0 1 1 7 0 0 0 0 0 0 0
0 0 1 0 0 0 0 0 0 0 0 0 0 0
0 4 11 0 1 0 13 3 0 11 1 0 0 2
0 2 23 0 1 2 10 1 0 0 0 0 0 1
0 0 2 0 0 0 0 0 0 0 0 0 0 0
0 3 4 0 1 2 6 1 1 0 0 0 0 0
0 0 0 0 0 0 0 0 0 0 0 0 0 0
2 3 29 0 1 2 25 2 0 5 0 0 0 0
1 1 7 1 0 1 13 1 0 0 0 0 0 0
0 0 1 0 0 0 0 0 0 0 0 0 0 0
0 0 1 0 0 0 4 0 0 0 0 0 0 0
1 2 7 0 1 2 4 1 0 0 0 0 0 0
0 0 1 0 0 0 1 0 0 0 0 0 0 0
1 0 2 0 0 0 1 0 0 0 0 0 0 0
0 0 3 0 0 0 0 0 0 0 0 0 0 0
0 5 15 0 2 5 21 3 0 12 1 4 1 0
0 0 4 0 0 0 3 0 0 0 0 0 0 0
0 0 3 0 0 0 0 0 0 0 0 0 0 0
0 2 13 0 1 2 12 1 0 0 0 0 0 0
0 0 2 0 0 0 8 0 0 0 0 0 0 0
0 1 6 0 1 1 0 0 0 1 0 1 1 0
0 0 3 0 0 0 5 0 0 0 0 0 0 0
0 0 2 0 0 0 4 0 0 0 0 0 0 0
0 0 1 0 0 0 0 0 0 0 0 0 0 0
0 1 3 0 1 1 2 0 0 0 0 0 0 0
0 0 3 0 0 0 0 0 0 0 0 0 0 0
0 0 0 0 0 0 0 0 0 0 0 0 0 0
0 4 24 0 2 3 16 1 1 13 1 0 0 0
0 0 4 0 0 0 1 0 0 0 0 0 0 0
0 2 8 0 1 2 8 1 0 5 1 0 0 0
0 1 3 0 1 1 1 0 0 0 0 0 0 0
0 4 13 0 2 4 5 2 0 6 1 3 1 0
1 0 5 0 0 0 6 0 0 1 0 0 0 0
1 0 12 0 0 0 29 0 0 0 0 1 1 0
0 0 3 0 0 0 5 0 0 0 0 0 0 0
0 0 1 0 0 0 0 0 0 0 0 0 0 0
0 2 8 0 1 2 3 1 0 7 2 0 0 0
0 5 18 0 1 3 30 2 2 0 0 0 0 0
0 0 2 0 0 0 0 0 0 0 0 0 0 0
0 0 3 0 0 0 2 0 0 0 0 0 0 0
0 0 2 0 0 0 0 0 0 0 0 0 0 0
0 1 3 0 1 1 0 0 0 0 0 0 0 0
0 0 1 0 0 0 0 0 0 0 0 0 0 0
0 0 6 0 0 0 10 0 0 0 0 0 0 0
0 1 2 0 0 1 3 1 0 0 0 0 0 0
0 0 0 0 0 0 0 0 0 0 0 0 0 0
0 2 5 0 1 3 6 1 0 0 0 0 0 0
3 0 6 0 0 0 2 0 0 9 1 0 0 0
0 1 8 0 1 1 4 0 0 0 0 0 0 0
1 0 0 0 0 0 0 0 0 0 0 0 0 0
0 0 5 0 0 0 6 0 0 0 0 0 0 0
0 0 6 0 0 0 5 0 0 0 0 0 0 0
0 2 5 0 1 2 7 1 0 0 0 0 0 0
0 0 7 0 0 0 2 0 0 0 0 0 0 0
0 2 10 0 1 1 14 1 0 0 0 0 0 0
0 2 14 0 1 1 17 1 0 0 0 0 0 0
0 0 1 0 0 0 0 0 0 0 0 0 0 0
0 3 3 0 1 2 4 2 0 0 0 0 0 0
0 0 1 0 0 0 0 0 0 0 0 0 0 0
0 0 7 0 0 0 12 0 0 0 0 0 0 0
0 0 0 0 0 0 0 0 0 0 0 0 0 0
0 0 2 0 0 0 1 0 0 0 0 0 0 0
0 1 4 0 1 1 0 0 0 0 0 0 0 0
1 2 6 0 1 2 3 1 0 0 0 0 0 0
0 0 3 0 0 0 0 0 0 0 0 0 0 0
0 0 1 0 0 0 0 0 0 0 0 0 0 0
0 0 0 0 0 0 0 0 0 0 0 0 0 0
0 0 2 0 0 0 1 0 0 0 0 1 1 0
0 0 3 0 0 0 9 0 0 0 0 0 0 0
0 0 2 0 0 0 0 0 0 0 0 0 0 0
0 1 2 0 1 1 1 0 0 0 0 0 0 0
0 0 0 0 0 0 0 0 0 0 0 0 0 0
0 0 1 0 0 0 1 0 0 0 0 0 0 0
0 0 8 0 0 0 6 0 0 0 0 0 0 0
1 2 8 0 1 1 7 0 1 0 0 0 0 0
0 0 1 0 0 0 0 0 0 0 0 0 0 0
0 0 2 0 0 0 0 0 0 1 0 3 2 0
0 2 6 0 1 2 4 1 0 0 0 0 0 0
0 0 5 0 0 0 4 0 0 0 0 0 0 0
0 0 1 0 0 0 0 0 0 0 0 0 0 0
0 0 1 0 0 0 1 0 0 0 0 0 0 1
0 0 1 0 0 0 0 0 0 0 0 2 1 0
1 0 0 0 0 0 0 0 0 0 0 0 0 0
0 0 12 0 0 0 3 0 0 0 0 0 0 0
1 0 2 0 0 0 0 0 0 0 0 0 0 0
0 0 0 0 0 0 0 0 0 0 0 0 0 0
0 0 1 0 0 0 0 0 0 0 0 0 0 0
